0.019999999999996 76.8240148024634 -0.0010158620137446 5.91031673218951E-05 0.999746079209981 1 0 0
0.039999999999992 76.8274151432561 0.166919256202789 0.419853790215387 1.04254525987718 1 0 0
0.0599999999999881 76.8324611959979 0.249674697594287 0.627040403778372 1.06363734180439 1 0 0
0.0799999999999841 76.8491521879332 0.833287466316776 2.09188102489619 1.21247273149877 1 0 0
0.0999999999999801 76.877651778399 1.42389303364573 3.56244691331043 1.36287695613824 1 0 0
0.119999999999976 76.9180161524564 2.01717906889867 5.04548363583812 1.51406671204439 1 0 0
0.139999999999972 76.9702630991815 2.61132139694696 6.53086202375674 1.66548029870566 1 0 0
0.159999999999968 77.0344008887187 3.20586834827932 8.01723135740694 1.81699544700706 1 0 0
0.179999999999964 77.1104351120302 3.80069149358432 9.50429511964969 1.96858167630229 1 0 0
0.219999999999956 77.298211545567 4.99103451504939 12.4801602555264 2.27193129507238 1 0 0
0.239999999999952 77.4099626621464 5.58653941090668 13.9689342936927 2.42369181432508 1 0 0
0.259999999999948 77.5336281572236 6.18225679440022 15.4581992306576 2.5755023361176 1 0 0
0.279999999999944 77.6692125124391 6.77819978677385 16.9480634265662 2.72737388541368 1 0 0
0.29999999999994 77.8167198477313 7.37435221867926 18.438445704402 2.87929820228153 1 0 0
0.339999999999932 78.1475208583288 8.56729316754537 21.4208244487606 3.18331125360793 1 0 0
0.359999999999928 78.3308228385868 9.16408351400358 22.9127908473071 3.33539692083533 1 0 0
0.379999999999924 78.5260643756483 9.76106695797417 24.4052447894873 3.48753224379228 1 0 0
0.39999999999992 78.7332499949262 10.3582661301935 25.8982420356957 3.63972290864318 1 0 0
0.439999999999912 79.1834683774505 11.5532434033443 28.4658460532059 3.9014546725218 1 0 0
0.459999999999908 79.426509295241 12.1510276350372 29.7534415596211 4.03270662592698 1 0 0
0.479999999999905 79.6815101500833 12.7490285532011 29.7899718495803 4.03641538471109 1 0 0
0.499999999999901 79.9484744727379 13.3472049683627 29.8083724711147 4.03830345695958 1 0 0
0.539999999999893 80.5183095787652 14.5441409994777 29.8320741767843 4.0407192678992 1 0 0
0.579999999999885 81.1360452532535 15.7418513214487 29.8529226199183 4.04284241627825 1 0 0
0.619999999999877 81.8017113696551 16.9402889750978 29.8731592708214 4.0449029849075 1 0 0
0.639999999999873 82.1525274481392 17.5397862161004 29.8831402504041 4.04591920644634 1 0 0
0.659999999999869 82.5153373152716 18.1394628630133 29.8930387191363 4.04692697213245 1 0 0
0.679999999999865 82.8901436246233 18.7393093267173 29.9027976519937 4.04792047528523 1 0 0
0.719999999999857 83.6757620740682 19.9395557609311 29.922116469022 4.0498870619605 1 0 0
0.759999999999849 84.5094095077366 21.1404293740606 29.9408904394862 4.05179794175993 1 0 0
0.799999999999841 85.3911134351511 22.3420075189489 29.9593805130168 4.05367971829987 1 0 0
0.819999999999837 85.8499951476697 22.9430654156155 29.9685912555177 4.05461705163208 1 0 0
0.859999999999829 86.8038320958149 24.1456140018487 29.9864950780514 4.05643881961177 1 0 0
0.879999999999825 87.2987952645635 24.7471191590057 29.9952563621242 4.05733021350935 1 0 0
0.899999999999821 87.8057921341388 25.3488085203088 30.0040394350167 4.05822378781389 1 0 0
0.939999999999813 88.855896828929 26.5525950684047 30.0211672880975 4.05996613409636 1 0 0
0.959999999999809 89.3990099345101 27.154701145534 30.0295186854679 4.06081558080215 1 0 0
0.979999999999805 89.9541702247225 27.7569900755563 30.0378806688001 4.0616660669753 1 0 0
1.0199999999998 91.1006363917841 28.9619210730699 30.0541157016593 4.06331707769537 1 0 0
1.03999999999979 91.6919499050127 29.5646429978189 30.0621782102656 4.06413691637864 1 0 0
1.05999999999979 92.2953196185408 30.167474919753 30.0700672138564 4.06493902787437 1 0 0
1.09999999999978 93.5382389404112 31.3734994538081 30.0853864766318 4.06649636537882 1 0 0
1.15999999999977 95.4931105453288 33.183614439145 30.1080038280511 4.06879521971805 1 0 0
1.19999999999976 96.8567130947486 34.3909947529136 30.1225108132697 4.07026935739451 1 0 0
1.23999999999975 98.268629446975 35.5989373916582 30.1367793829998 4.0717190296828 1 0 0
1.25999999999975 98.99270670244 36.2028686718134 30.1431817923513 4.07236920075296 1 0 0
1.27999999999975 99.72886845225 36.8070976064396 30.149992026753 4.07306090380511 1 0 0
1.29999999999974 100.477117838454 37.4115016102933 30.1567794516281 4.07375024074536 0.846312487962732 -0.153720492261081 0
1.33999999999973 102.009884878178 38.6203258055569 30.169375122592 4.07502898147316 0.692561038889074 -0.153751449073658 0
1.37999999999974 103.588560377131 39.7064674930074 29.8737429933207 4.04488783205596 0.540316647286276 -0.152244391602798 0
1.41999999999976 105.203248265199 40.545010800703 28.9577744718085 3.9515114675947 0.392741073906541 -0.147575573379735 0
1.45999999999978 106.844071425032 41.1369497997237 27.4237375281456 3.79513110991131 0.252984518410976 -0.139756555495565 0
1.4999999999998 108.501292917645 41.4874744753215 25.2849874493504 3.57710818584408 0.124129109118772 -0.128855409292204 0
1.53999999999982 110.165522967116 41.6064205488168 22.5657244184038 3.29990960388799 0.00913362892437267 -0.114995480194399 0
1.57999999999984 111.827931533102 41.5088863372318 19.3043733922659 2.96745230535668 0 -0.0983726152678338 0
1.63999999999987 114.300876494613 41.021426093012 13.5562683537287 2.38150042247012 0 -0.0690750211235059 0
1.67999999999989 115.929729033727 40.6200032433918 9.5323114843588 1.97130538344513 0 -0.0485652691722563 0
1.71999999999991 117.542539854185 40.2190006223536 5.50772576857973 1.56104572842881 0 -0.0280522864214407 0
1.75999999999993 119.139320544899 39.8181899267726 1.48243625515734 1.15070905295328 0 -0.00753545264766388 0
1.81999999999996 121.50444182381 39.2173913378862 3.31906450286932 0.661264834876568 0.0169367582561716 0.0169367582561716 0
1.85999999999999 123.061175881652 38.8173427298335 5.79901791739185 0.408459895936364 0.0465137634593534 0.0295770052031818 0
1.92000000000002 125.367099906318 38.2446034547619 8.39598523295736 0.143727527187891 0.0893273870999589 0.0428136236406054 0
1.96000000000004 126.887179534417 37.9198886598192 9.22401312527165 0.059322568848623 0.136361258657528 0.0470338715575689 0
2.00000000000006 128.394964176463 37.6297136715461 9.44557713449098 0.0367371808596391 0.184524399614546 0.048163140957018 0
2.06000000000009 130.639775382588 37.3228007738022 8.74447788531882 0.108187186473903 0.229115040290851 0.0445906406763049 0
2.10000000000011 132.129672482493 37.2212334184041 7.99569009275424 0.184508835027411 0.26988959853948 0.0407745582486295 0
2.14000000000013 133.616242165212 37.155846182651 7.15736418699353 0.269959082632084 0.306391644407876 0.0365020458683958 0
2.18000000000015 135.102295780671 37.1593258253833 6.14647374614464 0.373000539742753 0.337741617420738 0.0313499730128623 0
2.22000000000017 136.590394302853 37.2254201944101 4.97992541926403 0.491910003745576 0.363146117233459 0.0254044998127212 0
2.26000000000019 138.082823029952 37.3463517104836 3.67748261990292 0.624672645392286 0.381912484963845 0.0187663677303857 0
2.30000000000021 139.581523654051 37.5132155896722 2.29439203423512 0.765657410367735 0.393629614445458 0.0117171294816132 0
2.34000000000023 141.088018798968 37.7157255602302 0.916089094808688 0.906159756834953 0.398321626603711 0.00469201215825233 0
2.38000000000025 142.603407900548 37.9429763471927 0.463999204542753 1.046796291254 0.395981812041011 -0.0023398145627 0
2.42000000000027 144.128356596106 38.183841791668 1.70411055324856 1.17322356592452 0.387320633744785 -0.00866117829622589 0
2.46000000000029 145.663036199869 38.4262431475785 2.75868902722469 1.28072154873082 0.373284556308244 -0.0140360774365411 0
2.50000000000031 147.207206634921 38.6598803362545 3.59669174557863 1.36614070233703 0.354977521191392 -0.0183070351168514 0
2.54000000000033 148.760226420243 38.8757984060395 4.29995033801067 1.43782401006869 0.333086320687958 -0.0218912005034345 0
2.58000000000035 150.321112840087 39.0646986821519 4.76350044318633 1.48507184908754 0.308832728233581 -0.0242535924543771 0
2.62000000000037 151.888621464022 39.2213314913545 4.98984586247545 1.50813965862409 0.283425745302376 -0.0254069829312047 0
2.66000000000039 153.461310019833 39.3412543468811 4.98732447667011 1.50787738385737 0.258031876109507 -0.0253938691928687 0
2.70000000000042 155.037588099367 39.4205640731594 4.76844011604094 1.48555964569712 0.233753893824651 -0.0242779822848561 0
2.76000000000045 157.40516994684 39.4675986176888 4.10773599880021 1.41820124767988 0.212843831440657 -0.0209100623839942 0
2.80000000000047 158.983281818335 39.4461962193334 3.46188160573395 1.35235911833751 0.195225875523781 -0.0176179559168757 0
2.8600000000005 161.347803134006 39.3798428641584 2.38409248283842 1.24248321728694 0.183101714659434 -0.012124160864347 0
2.90000000000052 162.920534504112 39.2963021670159 1.59117276352879 1.16164767038549 0.17501933114016 -0.00808238351927469 0
2.96000000000055 165.272772494936 39.1510910864799 0.433849938126905 1.04364451697147 0.172837105291586 -0.0021822258485737 0
3.00000000000057 166.835370217334 39.034889185265 0.293175578797031 0.969601122290949 0.174357049177039 0.00151994388545254 0
3.0600000000006 169.170443075825 38.8570590500474 1.21055708762498 0.876046439590977 0.18055472719749 0.00619767802045118 0
3.10000000000062 170.721246023662 38.7399681119518 1.70152718891065 0.825990100211721 0.189255222186904 0.00870049498941396 0
3.16000000000065 173.038983975654 38.5746444784155 2.23240496652255 0.771864589170974 0.200661992728355 0.0114067705414513 0
3.20000000000067 174.579227716778 38.4819841937366 2.41054474425387 0.753699944451981 0.212976995505756 0.012315002777401 0
3.2600000000007 176.883209426072 38.3616657183034 2.54545445944997 0.739939710080411 0.225980010001735 0.0130030144959794 0
3.30000000000072 178.416093836422 38.307592018584 2.47178999609869 0.747444126862203 0.238607803658625 0.0126277936568899 0
3.36000000000075 180.712011952186 38.2480342320594 2.2576601729379 0.76926455374846 0.250144575971202 0.011536772312577 0
3.40000000000077 182.241615115665 38.2360668886078 1.99707988103433 0.795822823995414 0.260353434771432 0.0102088588002293 0
3.44000000000079 183.77092441998 38.2334578225215 1.7084265600629 0.825242961496906 0.269091286696586 0.00873785192515468 0
3.48000000000081 185.300667980569 38.2483589592277 1.37498926979176 0.859229277269432 0.276129822833115 0.00703853613652842 0
3.54000000000084 187.597483769641 38.2980125801639 0.824604426463049 0.915331749609711 0.280363235352629 0.00423341251951445 0
3.58000000000087 189.130921071162 38.3471253338552 0.452523034310604 0.953268168575802 0.282699826923839 0.00233659157120988 0
3.62000000000089 190.666411313345 38.4003212875959 0.0894559369172804 0.990383619993464 0.283180645924166 0.000480819000326788 0
3.66000000000091 192.204185356153 38.4583196468739 0.242184683724582 1.0239948726923 0.281980902289551 -0.0011997436346149 0
3.72000000000094 194.515385533683 38.5495234703771 0.672127867444632 1.06784691692634 0.278588556443234 -0.00339234584631684 0
3.76000000000096 196.05917477631 38.6083930104127 0.901075586872773 1.09118519157716 0.274029296864376 -0.00455925957885799 0
3.80000000000098 197.60528593557 38.66523467049 1.07308066302184 1.10871553499744 0.268593520114504 -0.00543577674987221 0
3.86000000000101 199.928258365951 38.7383978049505 1.25393069449253 1.12714497134601 0.262236271547203 -0.00635724856730051 0
3.90000000000103 201.478956413921 38.7759381221519 1.28901233569207 1.13071617456771 0.255700462818818 -0.00653580872838532 0
3.94000000000105 203.031051398837 38.8082587811656 1.27575716315526 1.12935969647134 0.249232477995251 -0.00646798482356711 0
3.98000000000107 204.584151964867 38.8305265811752 1.20864965349046 1.1225133026286 0.243106812863821 -0.00612566513142985 0
4.02000000000109 206.1378030919 38.8418263401836 1.1039196837652 1.11183123039943 0.237515251343849 -0.0055915615199716 0
4.06000000000111 207.691613424337 38.8435880860084 0.963343694877753 1.09749459828589 0.232640521429555 -0.0048747299142946 0
4.12000000000114 210.021775965462 38.8285509727698 0.697787550109953 1.07041216614695 0.229119913122207 -0.00352060830734774 0
4.16000000000116 211.574340432417 38.8082360551806 0.499894554270227 1.05022746249354 0.22660853999753 -0.00251137312467722 0
4.20000000000118 213.12603775959 38.7847678063247 0.299278978074093 1.02975594295366 0.225120742849847 -0.00148779714768317 0
4.2400000000012 214.676651817397 38.7565828464977 0.104314131429107 1.0097959456403 0.224630945567832 -0.000489797282014937 0
4.28000000000122 216.226034469088 38.7254899387891 0.0801364772295911 0.991263456077231 0.22506777276397 0.000436827196138473 0
4.34000000000125 218.547633062466 38.6757097540394 0.331686543362267 0.965496746555554 0.226792935436193 0.00172516267222228 0
4.38000000000127 220.093736423994 38.6432004321341 0.46852396482676 0.951532086036813 0.229216331134352 0.00242339569815933 0
4.42000000000129 221.638568307506 38.6124231240063 0.573668928438263 0.940803935945785 0.232176134337063 0.00295980320271077 0
4.46000000000132 223.182261910988 38.5849708216153 0.646680654747001 0.933353836312014 0.235508442521462 0.00333230818439932 0
4.50000000000134 224.724997204263 38.5623463518175 0.682537625449961 0.929692695952282 0.239023807723848 0.00351536520238591 0
4.54000000000136 226.266945501324 38.5439363976105 0.685875591243131 0.929347263059314 0.242556444570882 0.00353263684703432 0
4.58000000000138 227.808363003773 38.5318681859621 0.665084857446551 0.931461972438649 0.24598334594895 0.00342690137806753 0
4.6200000000014 229.349480362958 38.5260948769622 0.614728703169181 0.936591450725532 0.249153773412673 0.00317042746372341 0
4.66000000000142 230.890508965473 38.5251801607262 0.541525633230685 0.944050906724785 0.251951228076434 0.00279745466376076 0
4.70000000000144 232.431677507353 38.5302696529513 0.447454665626892 0.95363979853479 0.254269238149694 0.00231801007326051 0
4.76000000000147 234.744172683451 38.5468348943629 0.28293334822581 0.970418826974358 0.255748296800976 0.00147905865128212 0
4.80000000000149 236.286554760532 38.5624942719749 0.162162804625415 0.982756855064824 0.256610454047735 0.00086215724675881 0
4.84000000000151 237.82960565784 38.5799881978383 0.0468028377998761 0.994703406012399 0.256875283747115 0.000264829699380065 0
4.88000000000153 239.373418917647 38.5994602219245 0.0701529913320151 1.00617863389165 0.256566352052533 -0.000308931694582681 0
4.92000000000155 240.918032240355 38.6193271459887 0.170493796633718 1.01650516771246 0.25574109366691 -0.000825258385622785 0
4.98000000000158 243.236514644464 38.6504010281238 0.296786501116676 1.02940105470487 0.254271040931666 -0.0014700527352434 0
5.04000000000161 245.556724515511 38.6784562437164 0.386781935885944 1.03857687734844 0.252342197064245 -0.0019288438674218 0
5.08000000000163 247.104424572783 38.6962670512271 0.425271939874156 1.04249793573207 0.250217300277641 -0.00212489678660356 0
5.12000000000165 248.652755334857 38.7105885739781 0.44158856620279 1.04415730247021 0.248009435154131 -0.00220786512351031 0
5.16000000000167 250.201585973846 38.7223086437962 0.439004187418928 1.04388884787338 0.245814992760462 -0.00219444239366913 0
5.20000000000169 251.75082294899 38.7315424753013 0.42295627921645 1.04224622425112 0.243702681547906 -0.00211231121255592 0
5.24000000000171 253.300259201205 38.7357483450002 0.389758936040962 1.03885471100929 0.241759945997441 -0.0019427355504643 0
5.28000000000173 254.849789037718 38.7370750741802 0.344441669881083 1.03422539329377 0.240048676332753 -0.00171126966468825 0
5.32000000000176 256.399280799553 38.7356411887205 0.291254579050071 1.02879189793429 0.238609081436039 -0.00143959489671438 0
5.36000000000178 257.948616227135 38.7312120362826 0.228041349250373 1.02233214360023 0.237492474256027 -0.00111660718001155 0
5.4000000000018 259.497702194378 38.72459203759 0.162894349761655 1.01566296179186 0.236709326166434 -0.000783148089592756 0
5.44000000000182 261.046433008043 38.7146189792828 0.091774909729261 1.00835049584188 0.23629180137434 -0.000417524792094104 0
5.48000000000184 262.594723781571 38.7035488070333 0.0238819190735397 1.00098524121224 0.236242539313728 -4.92620606120653E-05 0
5.52000000000186 264.14256194781 38.692142593028 0.0486801223191315 0.994423640270043 0.236521357300226 0.000278817986497831 0
5.56000000000188 265.689930612105 38.6802072956793 0.106362478131392 0.988390098766296 0.237101852361911 0.000580495061685216 0
5.6000000000019 267.23682544718 38.6684217714247 0.15849692571739 0.983028287999828 0.23795043796192 0.000848585600008583 0
5.64000000000192 268.783284569392 38.6579541635702 0.195067990390293 0.979283785712024 0.238986248676319 0.00103581071439882 0
5.68000000000194 270.329329200438 38.6481671055463 0.222757501174949 0.97644634809835 0.240163931271401 0.00117768259508249 0
5.72000000000196 271.875048138318 38.6402579217488 0.238909906569744 0.974791036294006 0.241424379456701 0.0012604481852997 0
5.76000000000198 273.420505049056 38.6342890704705 0.242746379803187 0.974393509713981 0.242704703971002 0.00128032451430097 0
5.800000000002 274.965788315516 38.6304011969208 0.235930271224362 0.975084636273729 0.243950472157315 0.00124576818631353 0
5.84000000000202 276.510965929716 38.6283161155909 0.216294093744813 0.977089780425022 0.245095983136064 0.00114551097874888 0
5.88000000000204 278.056131435442 38.6286218451564 0.187922135111852 0.979983665445212 0.246096799863804 0.0010008167277394 0
5.92000000000206 279.601368886302 38.6304082957178 0.15504056571073 0.983340515407267 0.24692977409344 0.000832974229636663 0
5.96000000000208 281.146771410014 38.6352196358088 0.113509676759204 0.987603200001137 0.247549614093384 0.000619839999943167 0
6.0000000000021 282.692386192735 38.6408282545478 0.0707282438257589 0.992030849482461 0.247948071619261 0.000398457525876955 0
6.04000000000212 284.238263501669 38.6482381799235 0.0287818417576808 0.996581611667701 0.248118991035875 0.000170919416614934 0
6.08000000000214 285.784462674637 38.65647024265 0.0261096653449843 1.00116854750512 0.248060563660619 -5.84273752560538E-05 0
6.12000000000216 287.330996277975 38.6644770144595 0.0626167985763135 1.00521946523889 0.247799590398675 -0.000260973261944508 0
6.16000000000219 288.877872966928 38.6734057731244 0.0991448645818158 1.0090109051613 0.24734904514061 -0.000450545258065072 0
6.20000000000221 290.425097069237 38.682051624963 0.130135512052591 1.01219984491033 0.246739052895093 -0.000609992245516611 0
6.24000000000223 291.972655601567 38.6897742716284 0.154487007934202 1.01469409992269 0.246004347898959 -0.000734704996134683 0
6.28000000000225 293.520497881807 38.6968564973861 0.171379187251132 1.01641594458608 0.245183550669655 -0.000820797229303849 0
6.34000000000228 295.842742157402 38.7059778092371 0.183847758250805 1.01768671741235 0.244299214799037 -0.000884335870617292 0
6.40000000000231 298.165435262839 38.7124002396294 0.179696497369961 1.01725101431932 0.243436664083072 -0.000862550715965815 0
6.44000000000233 299.714065577253 38.7156280170918 0.169286708293162 1.01618008131108 0.242627660017517 -0.000809004065554164 0
6.48000000000235 301.262805953273 38.717854522065 0.15434499886791 1.01464446157485 0.241895436938775 -0.000732223078742633 0
6.54000000000238 303.585986959515 38.7186479911412 0.126818941655906 1.01180425086178 0.241305224395686 -0.000590212543088931 0
6.60000000000241 305.909163729986 38.7182346341815 0.0918925977015946 1.00820664770579 0.240894892010396 -0.000410332385289636 0
6.64000000000243 307.457883880008 38.7163657551422 0.0683819560790209 1.00575716081272 0.24060703396976 -0.000287858040635924 0
6.68000000000245 309.006540405331 38.7146071992781 0.0473265652062762 1.00349909148694 0.240432079395413 -0.000174954574347241 0
6.72000000000247 310.555083040148 38.7120253954981 0.0262819046767303 1.00111483971877 0.240376337409474 -5.57419859386288E-05 0
6.76000000000249 312.103540828335 38.7103149724118 0.0175076691363795 0.999422515207387 0.240405211649105 2.88742396306718E-05 0
6.80000000000251 313.651893380214 38.7072609346602 0.0204924851732152 0.997650258644134 0.240522698716898 0.000117487067793298 0
6.84000000000253 315.200127296965 38.7045482031721 0.0319812079325241 0.996131229866584 0.240716137223569 0.000193438506670779 0
6.88000000000255 316.748281110777 38.7016315544912 0.0437690713542195 0.994815477470644 0.240975363350037 0.000259226126467804 0
6.92000000000257 318.296312378021 38.6991170262065 0.0526650518756072 0.993841354225021 0.241283295638786 0.000307932288748952 0
6.96000000000259 319.844301242032 38.6985528785966 0.0532663699464842 0.993779465073062 0.241594322385133 0.000311026746346887 0
7.00000000000261 321.392231225153 38.6967945237262 0.0559623514821 0.993470436938273 0.241920800538219 0.000326478153086335 0
7.04000000000264 322.940097583691 38.6960637208583 0.0532373725865981 0.993755316468993 0.24223303471477 0.000312234176550369 0
7.08000000000266 324.488002514583 38.6961800532468 0.0488522995073826 0.994228001495247 0.242521634640007 0.000288599925237631 0
7.12000000000268 326.035920052673 38.6967210273781 0.04157994597297 0.995018671012183 0.242770701089398 0.000249066449390867 0
7.1600000000027 327.58386750822 38.6985535639007 0.0332406143012042 0.995916287020445 0.242974886738376 0.000204185648977751 0
7.20000000000272 329.131903802743 38.7004389566962 0.0239145109830059 0.997170120935539 0.243116380691599 0.000141493953223043 0
7.24000000000274 330.679991236539 38.7022065747963 0.0176406728981816 0.998306729757498 0.243201044203724 8.46635121250827E-05 0
7.28000000000276 332.228213864146 38.7047341934604 0.0180404439708375 0.999688943096865 0.243216597048881 1.55528451567466E-05 0
7.32000000000278 333.776530075003 38.7075777706406 0.0267343632667187 1.00104926906882 0.24316413359544 -5.24634534408208E-05 0
7.38000000000281 336.099246145459 38.7123854514655 0.0409576758319481 1.00269832818314 0.243029217186283 -0.000134916409157138 0
7.42000000000283 337.647879951983 38.7149356865217 0.0511946206810232 1.00382658220865 0.24283788807585 -0.000191329110432348 0
7.48000000000286 339.971040167147 38.7193444494316 0.0605401381593797 1.00477599184736 0.242599088483483 -0.000238799592367767 0
7.52000000000288 341.519945213804 38.7226176055652 0.066939477302615 1.00546699906962 0.242325738530002 -0.000273349953481039 0
7.58000000000291 343.843486739439 38.7259936561399 0.0698699643918111 1.00575476638978 0.242038000210513 -0.000287738319489028 0
7.62000000000293 345.392654370633 38.7281932400838 0.0711246872578809 1.00588371733897 0.241743814343564 -0.000294185866948604 0
7.68000000000296 347.716526940581 38.7309643739525 0.0677655649872562 1.00553142136374 0.241467243275377 -0.000276571068187026 0
7.72000000000298 349.265834569116 38.7319849301145 0.0635078020065068 1.00506178184455 0.241214154183149 -0.000253089092227476 0
7.78000000000301 351.589897452621 38.7340130961592 0.0569094469433288 1.00434574446924 0.240996866959687 -0.000217287223461959 0
7.82000000000303 353.139298723196 38.7345026537237 0.0517496693284493 1.00381529309869 0.240806102304753 -0.000190764654934616 0
7.88000000000307 355.463467865367 38.7350600813038 0.0425862686003182 1.00282600565021 0.240664802022242 -0.000141300282510715 0
7.92000000000309 357.012915590429 38.7356110828091 0.0369737192182017 1.00212735374752 0.240558434334866 -0.000106367687375941 0
7.98000000000312 359.337093535694 38.734958468511 0.027947952286387 1.00109278454867 0.240503795107433 -5.46392274332952E-05 0
8.02000000000314 360.886537448736 38.7354135386363 0.0244952045922468 1.00064303572954 0.240471643320956 -3.21517864770748E-05 0
8.06000000000316 362.435981401359 38.7347840395412 0.0213239892544498 1.00005376217392 0.24046895521226 -2.68810869612501E-06 0
8.12000000000319 364.760168209206 38.7354795911051 0.0192929767962006 0.999680819554427 0.240484914234538 1.59590222786388E-05 0
8.16000000000321 366.309603605303 38.7348637697432 0.0178333028796056 0.999122579818081 0.240528785243634 4.38710090959582E-05 0
8.22000000000324 368.633795304806 38.7352835053788 0.0183151546540423 0.99897653065996 0.240579958710636 5.11734670019914E-05 0
8.26000000000326 370.183255932177 38.7354209411159 0.0180582821514231 0.998718771650349 0.240644020128119 6.40614174825416E-05 0
8.32000000000329 372.507490222924 38.7363170468931 0.0180499839949683 0.998944517056452 0.240696794275296 5.2774147177409E-05 0
8.36000000000331 374.057002047892 38.7372857532726 0.0178260666068956 0.999221805668573 0.240735703991868 3.89097165713503E-05 0
8.42000000000334 376.381341762375 38.7383929615385 0.0201026432111155 0.999511136145721 0.240760147184582 2.44431927139688E-05 0
8.46000000000336 377.930938572041 38.739145160617 0.0208389564126841 0.999857921976169 0.240767251085773 7.10390119156856E-06 0
8.52000000000339 380.255430896883 38.7409551129537 0.0229724042887368 1.00013431301179 0.240760535435184 -6.71565058931734E-06 0
8.56000000000341 381.805150391185 38.7422527332748 0.0256149016675569 1.00061664899145 0.240729702985611 -3.08324495724599E-05 0
8.62000000000344 384.129825204145 38.7445119527719 0.0292220893152281 1.00107772553308 0.240675816708957 -5.38862766541914E-05 0
8.66000000000346 385.679697259911 38.7459117279606 0.0318369953394623 1.00139428648014 0.24060610238495 -6.97143240070752E-05 0
8.72000000000349 388.004583604517 38.7478447207099 0.034193551568789 1.00165085902771 0.240523559433565 -8.25429513853004E-05 0
8.76000000000352 389.554557122407 38.749247009151 0.0354526273928197 1.00175632183145 0.240435743341992 -8.78160915722903E-05 0
8.82000000000355 391.879663652973 38.7512475834798 0.0368714294553134 1.00197606414578 0.240336940134704 -9.88032072888112E-05 0
8.86000000000357 393.429793644114 38.7531773439036 0.0401704288997661 1.00227129070245 0.240223375599581 -0.000113564535122745 0
8.9200000000036 395.75511170458 38.7545786583838 0.0386284052106889 1.00215915197179 0.240115418000991 -0.000107957598589659 0
8.96000000000362 397.305377777317 38.7562483467681 0.0397140048833692 1.00224891819383 0.2400029720913 -0.000112445909691306 0
9.02000000000365 399.630873580929 38.7573323246533 0.0371718391166079 1.00194168904189 0.239905887639205 -9.70844520944314E-05 0
9.06000000000367 401.181266247761 38.7590587432381 0.0378743653815033 1.00201977069126 0.239804899104643 -0.000100988534562751 0
9.1200000000037 403.506897348561 38.7601660493156 0.0364534033749451 1.00180174671701 0.239714811768792 -9.00873358505527E-05 0
9.16000000000372 405.057366343914 38.7613347432871 0.0361688851377789 1.00173713444743 0.239627955046421 -8.68567223716532E-05 0
9.22000000000375 407.383116263198 38.7620379566137 0.0327810731430025 1.00139852488779 0.239558028802031 -6.99262443895621E-05 0
9.26000000000377 408.933703196351 38.7624166902387 0.0295913934520901 1.00099807420456 0.239508125091803 -4.99037102280608E-05 0
9.3200000000038 411.259554624325 38.7635258734606 0.0299698123254163 1.0009161778644 0.239462316198583 -4.58088932198453E-05 0
9.36000000000382 412.810192752164 38.7642726455105 0.0277160951649382 1.00067565581607 0.23942853340778 -3.37827908032717E-05 0
9.42000000000385 415.136213263962 38.7662670143139 0.0304964065385359 1.00090025830628 0.239383520492466 -4.50129153140799E-05 0
9.46000000000387 416.686910408083 38.7672332238261 0.0286272056529861 1.00070121338319 0.239348459823306 -3.50606691594813E-05 0
9.5200000000039 419.013032426941 38.7681670917459 0.0277793908118825 1.0006491151883 0.239316004063891 -3.24557594148733E-05 0
9.56000000000392 420.56383968622 38.7695198979058 0.0273429473986732 1.00069065291582 0.2392814714181 -3.45326457910522E-05 0
9.62000000000396 422.890130787389 38.7725425281484 0.0344231251622455 1.00127485734839 0.239217728550681 -6.37428674197249E-05 0
9.66000000000398 424.441005717963 38.7706812736026 0.0285749563498612 1.00069830592056 0.239182813254653 -3.49152960279042E-05 0
9.72000000000401 426.767398327007 38.7724114390905 0.0293540046595753 1.00084870265163 0.239140378122071 -4.24351325813643E-05 0
9.76000000000403 428.318374714931 38.7732844620498 0.0297996999747863 1.0008757777059 0.239096589236776 -4.37888852952151E-05 0
9.82000000000406 430.644902617903 38.7750724381832 0.0295255053924955 1.00081547112469 0.239055815680542 -4.07735562343525E-05 0
9.86000000000408 432.195963154547 38.7753308341507 0.0286346509801655 1.00063004894259 0.239024313233412 -3.15024471296388E-05 0
9.92000000000411 434.522635006113 38.7773669101731 0.0308199191656091 1.00090324824953 0.238979150820935 -4.51624124766736E-05 0
9.96000000000413 436.073839444318 38.7790939266864 0.0320841818225175 1.00099363052967 0.238929469294452 -4.96815264833694E-05 0
10.0200000000042 438.400705509586 38.7802232889668 0.0267382619816284 1.00050283007396 0.238904327790754 -2.51415036978009E-05 0
10.0600000000042 439.951977618504 38.7812709683119 0.0339350276680235 1.00123952365074 0.238842351608217 -6.19761825369491E-05 0
10.1200000000042 442.279037897708 38.7828471323859 0.0338388524497103 1.00119260138426 0.238782721539004 -5.96300692130236E-05 0
10.1600000000042 443.830445251893 38.7838764760868 0.0344988066744549 1.00122740022256 0.238721351527876 -6.13700111282145E-05 0
10.2200000000043 446.157665955485 38.7864779697045 0.0343368412678901 1.00142633170618 0.238650034942567 -7.13165853091335E-05 0
10.2600000000043 447.709208554355 38.7884553348486 0.0385147780818677 1.00185943961818 0.238557062961658 -9.29719809092289E-05 0
10.3200000000043 450.036573203979 38.7890407125886 0.0354833958155105 1.00148199582567 0.238482963170374 -7.40997912834773E-05 0
10.3600000000043 451.588217260316 38.7901311967776 0.0344266443447434 1.00131470273465 0.238417228033642 -6.57351367325365E-05 0
10.4200000000044 453.915801255731 38.7925135140462 0.0384293011863634 1.00162682043569 0.238335887011857 -8.13410217847088E-05 0
10.4600000000044 455.467563246028 38.7937511878101 0.0378908495340796 1.00166970608911 0.238252401707402 -8.3485304455333E-05 0
10.5200000000044 457.795299009536 38.7957838537472 0.0386892136407172 1.00177822969743 0.23816349022253 -8.89114848716011E-05 0
10.5600000000044 459.34716245532 38.7957398302877 0.0356228062711019 1.00149920595916 0.238088529924572 -7.49602979579156E-05 0
10.6200000000045 461.675033508567 38.797007564137 0.0346047886796805 1.00115215513538 0.238030922167803 -5.7607756768796E-05 0
10.6600000000045 463.226998409955 38.7985501927233 0.0335383083162097 1.0010361116243 0.237979116586588 -5.1805581215103E-05 0
10.7200000000045 465.554962307331 38.7995881436692 0.0341791863402343 1.00114361495414 0.237921935838881 -5.7180747706953E-05 0
10.7600000000045 467.107027831604 38.8008689034443 0.0363678725050307 1.00118760439288 0.237862555619237 -5.93802196439452E-05 0
10.8200000000046 469.435177283944 38.8014851432866 0.0305739762296394 1.00072889925678 0.237826110656398 -3.64449628391217E-05 0
10.8600000000046 470.987319129286 38.8041082876156 0.0342797360725768 1.00107718062166 0.237772251625315 -5.3859031082959E-05 0
10.9200000000046 473.315595213207 38.8041386985736 0.0306600272602544 1.00055916551362 0.237744293349634 -2.79582756807728E-05 0
10.9600000000046 474.867846335866 38.8056088050246 0.0352150263127053 1.00094051916313 0.237697267391478 -4.70259581564103E-05 0
11.0200000000047 477.196265529026 38.8060277731575 0.0327465149065204 1.00071611120535 0.237661461831211 -3.58055602672658E-05 0
11.0600000000047 478.748609450297 38.8080052097005 0.0342898644291338 1.00082202447534 0.237620360607444 -4.11012237671704E-05 0
11.1200000000047 481.077196886064 38.8093713143554 0.0342969896458669 1.00089769137256 0.237575476038816 -4.48845686278565E-05 0
11.1600000000047 482.629642260377 38.8098755262437 0.0306330648779311 1.00069386181765 0.237540782947933 -3.46930908825538E-05 0
11.2200000000048 484.958373636822 38.8111750882148 0.03326354197244 1.00086070051033 0.237497747922417 -4.30350255166245E-05 0
11.2600000000048 486.510936941369 38.8127286400416 0.0308246514420771 1.00058277782627 0.237468609031103 -2.91388913133961E-05 0
11.3200000000048 488.839861690649 38.8144748768114 0.0348306938043364 1.00101259108921 0.237417979476643 -5.06295544606239E-05 0
11.3600000000048 490.392517793109 38.8157130775993 0.0334704314660531 1.00094799002204 0.237370579975541 -4.73995011018191E-05 0
11.4200000000049 492.721610782784 38.8175610656584 0.0369641932505857 1.00130467807954 0.237305346071564 -6.52339039767802E-05 0
11.4600000000049 494.274402125273 38.8193297847018 0.0367942128805794 1.00124640175782 0.237243025983673 -6.23200878910879E-05 0
11.5200000000049 496.603672842262 38.8209892261387 0.0365787806789795 1.0013130939572 0.237177371285813 -6.56546978600403E-05 0
11.5600000000049 498.156607247656 38.8219957684572 0.0395433138139749 1.00143671918216 0.237105535326705 -7.18359591081796E-05 0
11.620000000005 500.486054858542 38.8232768165914 0.0400432180521116 1.0014244576328 0.237034312445065 -7.12228816401206E-05 0
11.660000000005 502.039064748911 38.8241389861421 0.0388837631988067 1.00124314404929 0.2369721552426 -6.21572024647299E-05 0
11.720000000005 504.368697907892 38.8269378816872 0.0408606777181318 1.00150364332578 0.236896973076311 -7.51821662892338E-05 0
11.7600000000051 505.921859515249 38.827861375316 0.040435993173522 1.00141833988564 0.236826056082029 -7.09169942819998E-05 0
11.8200000000051 508.251660910551 38.8296268685961 0.0402089962727372 1.00138952028609 0.236756580067724 -6.94760143045481E-05 0
11.8600000000051 509.804940445232 38.831498617564 0.0386287209001222 1.00140987352023 0.236686086391712 -7.04936760115959E-05 0
11.9200000000051 512.134901421261 38.8325086468414 0.0397894882107341 1.00123758217621 0.236624207282902 -6.18791088106585E-05 0
11.9600000000052 513.688290229067 38.8336410700163 0.038372895592296 1.00126381460068 0.236561016552868 -6.3190730033913E-05 0
12.0200000000052 516.01844540704 38.8351168281734 0.0383433682012524 1.00130550794701 0.236495741155517 -6.5275397350606E-05 0
12.0800000000052 518.348718503141 38.8379330414601 0.0419110266838338 1.00143155756035 0.2364241632775 -7.15778780175813E-05 0
12.1200000000052 519.902275552507 38.8380428072382 0.0384516336454174 1.00110582101917 0.236368872226541 -5.52910509586169E-05 0
12.1600000000053 521.455882902257 38.8393178082021 0.0385546237883368 1.00119000207634 0.236309372122724 -5.95001038172005E-05 0
12.2200000000053 523.786340760067 38.8402979415303 0.0367975665854001 1.00098196803538 0.236260273720955 -4.90984017690765E-05 0
12.2600000000053 525.340040902724 38.8426127700632 0.0388077075975418 1.00109017848583 0.236205764796663 -5.45089242913077E-05 0
12.3200000000053 527.670658338582 38.842141744321 0.0367235338684063 1.00070515658353 0.236170506967487 -3.52578291764161E-05 0
12.3600000000054 529.224467750872 38.8446842113899 0.0391987154550101 1.00105934074915 0.236117539930029 -5.29670374576852E-05 0
12.4200000000054 531.555228285957 38.8457585340209 0.0377316317371826 1.00094896356031 0.236070091752014 -4.74481780153857E-05 0
12.4600000000054 533.109130489873 38.8463803530445 0.0355546027975468 1.00061024704513 0.236039579399757 -3.05123522566397E-05 0
12.5000000000054 534.663082992076 38.8479752591686 0.0356406930997362 1.00072755644648 0.236003201577434 -3.63778223237743E-05 0
12.5400000000054 536.217085793382 38.8482661308892 0.0353568178623568 1.00070622449323 0.235967890352772 -3.53112246615495E-05 0
12.5800000000055 537.771105938358 38.849914522045 0.0380261295633855 1.00111963992678 0.235911908356433 -5.59819963388053E-05 0
12.6400000000055 540.102278357605 38.8518192488071 0.0379336043162846 1.00098365904637 0.235862725404115 -4.91829523186271E-05 0
12.6800000000055 541.656399114989 38.8529887842395 0.0363891989049433 1.00084669148805 0.235820390829712 -4.23345744023362E-05 0
12.7400000000056 543.9877397659 38.8547474838735 0.0406860938989338 1.00124843178955 0.235757969240235 -6.24215894777347E-05 0
12.7800000000056 545.542003579088 38.8561927961214 0.0422331015838921 1.00126223796382 0.235694857342043 -6.31118981910372E-05 0
12.8400000000056 547.873460526927 38.8559586287319 0.0391347484582822 1.00070546397386 0.23565958414335 -3.52731986931198E-05 0
12.8800000000056 549.427832774934 38.8590348213282 0.0407762046509047 1.00119064877388 0.235600051704656 -5.95324386940987E-05 0
12.9400000000057 551.759552325238 38.8612103556863 0.0444759371377504 1.00146947580677 0.235526577914318 -7.34737903386518E-05 0
12.9800000000057 553.314084939077 38.8627766981562 0.043545098906857 1.00144302500977 0.235454426663829 -7.21512504883171E-05 0
13.0200000000057 554.868642716785 38.8634534311555 0.0418254486330776 1.00124025768254 0.235392413779702 -6.20128841269052E-05 0
13.0600000000057 556.423225659411 38.8640126661821 0.0423124892566134 1.0011933467139 0.235332746444007 -5.96673356950239E-05 0
13.1200000000057 558.75526433019 38.8664126673896 0.040619095489495 1.00133753180166 0.235265869853924 -6.68765900829427E-05 0
13.1600000000058 560.30999032734 38.8671588114185 0.040630130189697 1.00123648709735 0.235204045499057 -6.18243548675679E-05 0
13.2200000000058 562.642129646731 38.8685059172714 0.0426242126229138 1.00105862961262 0.235151114018426 -5.29314806310355E-05 0
13.2600000000058 564.196981385816 38.8708139044322 0.0424993729905072 1.00138767897115 0.235081730069868 -6.93839485573999E-05 0
13.3200000000058 566.529279441107 38.8709857182475 0.037701626456684 1.00068743353729 0.235047358393004 -3.4371676864442E-05 0
13.3600000000059 568.084214478731 38.8727349517428 0.0442837855464797 1.00094893468145 0.234999911658931 -4.74467340726092E-05 0
13.4200000000059 570.416713715531 38.8739327810498 0.0391524086617866 1.00077864884651 0.234960979216606 -3.89324423253234E-05 0
13.4600000000059 571.971741538728 38.874331418421 0.0390362930372465 1.00073259291402 0.234924349570905 -3.66296457009807E-05 0
13.520000000006 574.304408998229 38.8786816300469 0.0450590728047625 1.00122300177759 0.234863199482026 -6.11500888795469E-05 0
13.560000000006 575.85956256371 38.8772083327108 0.0427780742972512 1.00065277889328 0.234830560537361 -3.26389446642206E-05 0
13.620000000006 578.192373111611 38.8790688011195 0.0398201672582395 1.00077421050648 0.234791850012038 -3.87105253237929E-05 0
13.660000000006 579.747669726959 38.881796368557 0.0411297250540041 1.00087620120802 0.234748039951637 -4.3810060400884E-05 0
13.7200000000061 582.08068145148 38.8829245934557 0.0444271277252241 1.00111290331531 0.234692394785871 -5.56451657652612E-05 0
13.7600000000061 583.636095984722 38.8844110057576 0.0376275968352021 1.00103804086487 0.234640492742628 -5.1902043243357E-05 0
13.8200000000061 585.969301064615 38.8864422415803 0.0436638820437994 1.00124453469706 0.234578266007775 -6.22267348532435E-05 0
13.8600000000061 587.524841337348 38.8875480810854 0.0440626232759869 1.00141915851279 0.234507308082136 -7.09579256392812E-05 0
13.9200000000062 589.858239768306 38.8888880672452 0.0386663618864003 1.0006442155075 0.234475097306761 -3.2210775374919E-05 0
13.9600000000062 591.413880646927 38.8900666550256 0.043664903332795 1.00131498102767 0.234409348255377 -6.57490513834236E-05 0
14.0200000000062 593.7473953648 38.8919228270101 0.0485064934173487 1.00130841764462 0.234343927373146 -6.54208822309266E-05 0
14.0600000000062 595.30318711407 38.8944120955107 0.0440623962900386 1.00124055991899 0.234281899377197 -6.20279959494319E-05 0
14.1200000000063 597.636954936082 38.8961793736653 0.0446241552301197 1.00139534864127 0.234212131945134 -6.97674320632724E-05 0
14.1600000000063 599.192829980282 38.8970298801743 0.0447472784928645 1.00122869359535 0.234150697265366 -6.14346797673138E-05 0
14.2200000000063 601.526791151729 38.8982530290679 0.0431904821789664 1.00101489977176 0.234099952276778 -5.07449885879474E-05 0
14.2600000000063 603.082826553611 38.8991386491841 0.0442889268916558 1.00095425338504 0.234052239607526 -4.77126692522312E-05 0
14.3200000000064 605.416938630166 38.9021677371299 0.0451444538555126 1.00137594957606 0.233983442128723 -6.87974788028845E-05 0
14.3600000000064 606.973049501306 38.9029352955763 0.0461245998795301 1.00126682171682 0.233920101042882 -6.3341085840829E-05 0
14.4200000000064 609.307380058803 38.904952459582 0.041327771501674 1.00129774541361 0.233855213772202 -6.48872706804027E-05 0
14.4600000000064 610.863641798496 38.9063331642435 0.0436398139756345 1.0010119641204 0.233804615566182 -5.05982060200028E-05 0
14.5200000000065 613.198105947813 38.9071023484107 0.0423502831075036 1.00074998063119 0.233767116534622 -3.7499031559618E-05 0
14.5600000000065 614.754460467142 38.9084562330412 0.0434461894697679 1.00087318954008 0.233723457057618 -4.36594770039656E-05 0
14.6200000000065 617.089143095771 38.9103772672853 0.0435551197698603 1.00104276423982 0.233671318845627 -5.21382119911595E-05 0
14.6600000000065 618.645623349235 38.9117241925815 0.0440307071600723 1.00115497436555 0.23361357012735 -5.77487182775949E-05 0
14.7200000000066 620.980482012499 38.9139223130661 0.0451684702996316 1.00093659900386 0.233566740177156 -4.68299501932057E-05 0
14.7600000000066 622.537087999051 38.9143120554132 0.041813998442422 1.0008338909167 0.233525045631321 -4.1694545835147E-05 0
14.8200000000066 624.872114872909 38.9165140217319 0.0443616059396991 1.00087419341455 0.233481335960594 -4.37096707273654E-05 0
14.8600000000066 626.428846592782 38.9176540024555 0.0442863047053076 1.00080779282495 0.233440946319347 -4.0389641247307E-05 0
14.9200000000067 628.764032188221 38.9198246170876 0.0465164741276594 1.00115709921068 0.233383091358813 -5.78549605340428E-05 0
14.9600000000067 630.320889640716 38.9211351203071 0.046708146933238 1.00114097351234 0.233326042683195 -5.70486756171107E-05 0
15.0200000000067 632.65625126753 38.9224729394163 0.0456003206440076 1.00098448567401 0.233276818399495 -4.92242837003887E-05 0
15.0600000000067 634.213234451367 38.9237749224425 0.0453138980410411 1.00096773646728 0.233228431576131 -4.83868233641882E-05 0
15.1200000000068 636.548839685973 38.9264385422603 0.0448931752142568 1.00107800086037 0.233174531533112 -5.39000430186731E-05 0
15.1600000000068 638.105983220739 38.9274549484691 0.0454897579215756 1.00123226003932 0.233112918531146 -6.16130019657657E-05 0
15.2200000000068 640.441799104214 38.9293818396385 0.0448380845221102 1.00115429223414 0.23305520391944 -5.77146117068716E-05 0
15.2600000000068 641.999043235672 38.9304833956295 0.0442325618742552 1.0011390576353 0.232998251037674 -5.69528817650267E-05 0
15.3200000000069 644.335060281563 38.9325404441223 0.0446535028429496 1.00110260828101 0.232943120623624 -5.51304140507192E-05 0
15.3600000000069 645.892455276335 38.9338668375943 0.04462986332267 1.0011014384073 0.232888048703259 -5.5071920365124E-05 0
15.4200000000069 648.228648348362 38.9359043074664 0.046437870143373 1.00127220408073 0.232824438499222 -6.36102040362685E-05 0
15.4600000000069 649.786161249038 38.9366574244964 0.0468420984280671 1.00112779647083 0.232768048675681 -5.63898235413585E-05 0
15.520000000007 652.122555480571 38.9392491163729 0.0446753303407613 1.00110069877875 0.232713013736744 -5.50349389372817E-05 0
15.560000000007 653.680176799069 38.9405371971467 0.0466022614018462 1.00116541876539 0.232654742798474 -5.82709382696445E-05 0
15.620000000007 656.016781675513 38.9428957026876 0.0474663610150211 1.00126766299265 0.232591359648842 -6.33831496324122E-05 0
15.660000000007 657.574588473886 38.944647928028 0.0485082533189826 1.00142821512372 0.232519948892656 -7.14107561859412E-05 0
15.7200000000071 659.911411816953 38.9458475182429 0.0460507602126348 1.0012014614168 0.232459875821816 -6.00730708399833E-05 0
15.7600000000071 661.469344341895 38.9469064125961 0.0460155356854821 1.00112830437337 0.232403460603147 -5.64152186685929E-05 0
15.8200000000071 663.806343707955 38.949634299003 0.0453877145091181 1.00129555705728 0.232338682750283 -6.47778528641618E-05 0
15.8600000000071 665.36441927019 38.9504842199684 0.045617689052609 1.00131504920161 0.232272930290202 -6.57524600805481E-05 0
15.9200000000072 667.701594657497 38.9522479750019 0.0452289778485904 1.00109679698533 0.232218090440936 -5.48398492662971E-05 0
15.9600000000072 669.259753500111 38.954122934894 0.0467898702676702 1.00124139655425 0.232156020613224 -6.20698277123188E-05 0
16.0000000000072 670.817987766466 38.9555241216454 0.047378834923019 1.0011725578738 0.232097392719534 -5.86278936899998E-05 0
16.0600000000073 673.155439742375 38.9573874746817 0.0445312683764238 1.00101240359217 0.232046772539925 -5.06201796083738E-05 0
16.1000000000073 674.713774599368 38.9574393513646 0.0429942588298232 1.00088516299731 0.23200251439006 -4.4258149865295E-05 0
16.1600000000073 677.051394770271 38.9596183408255 0.0439744491910367 1.00099213146128 0.231952907816996 -4.96065730638651E-05 0
16.2000000000073 678.609847526997 38.9608352205897 0.0444143488305256 1.00077019919681 0.231914397857156 -3.85099598406713E-05 0
16.2600000000074 680.947703469777 38.9639296682682 0.0449288360489149 1.00116588339717 0.231856103687297 -5.82941698586525E-05 0
16.3000000000074 682.506324392394 38.9652110706519 0.0438862596639499 1.00107353330166 0.231802427022214 -5.36766650828358E-05 0
16.3600000000074 684.844331218861 38.9664911491827 0.0419034671313617 1.00087790493999 0.231758531775214 -4.38952469996812E-05 0
16.4000000000074 686.403077862924 38.967765062973 0.0413486948290188 1.00084013053164 0.231716525248632 -4.20065265819836E-05 0
16.4600000000075 688.741303147282 38.970446079976 0.0442060896342922 1.00104130503471 0.231664459996897 -5.20652517353781E-05 0
16.5000000000075 690.300175512559 38.9712973466836 0.0480323247990531 1.00124095701969 0.231602412145912 -6.20478509847255E-05 0
16.5600000000075 692.638584635686 38.9734066418103 0.0463739840977678 1.00121464343211 0.231541679974307 -6.07321716056153E-05 0
16.6000000000075 694.197582720662 38.9741717327319 0.0456414176108731 1.00109435267888 0.231486962340363 -5.47176339441458E-05 0
16.6600000000076 696.53614272119 38.9766510415915 0.04613270223403 1.00093054088938 0.231440435295894 -4.65270444688359E-05 0
16.7000000000076 698.095283836243 38.9779695645581 0.0462910822490202 1.00093484368772 0.231393693111508 -4.67421843860394E-05 0
16.7600000000076 700.434096912388 38.978528657901 0.0420388057022704 1.00074193350054 0.231356596436481 -3.70966750268154E-05 0
16.8000000000076 701.993406189024 38.9810726169728 0.0454687852069611 1.0010609066144 0.231303551105761 -5.30453307200141E-05 0
16.8600000000077 704.332387451548 38.9825964040081 0.0433215879924905 1.00075816290078 0.231265642960722 -3.79081450389007E-05 0
16.9000000000077 705.89184757811 38.9855658714616 0.0480995231590613 1.0012932138816 0.231200982266642 -6.46606940801098E-05 0
16.9600000000077 708.231062940788 38.9854130155903 0.0422197299662867 1.00070809610336 0.231165577461474 -3.54048051678713E-05 0
17.0000000000077 709.790590696153 38.9877996599282 0.0451219866951968 1.00111610117104 0.231109772402922 -5.5805058552183E-05 0
17.0600000000078 712.130024510669 38.9898579600303 0.043738176173185 1.00100073642034 0.231059735581905 -5.00368210169744E-05 0
17.1000000000078 713.689720424591 38.9910357763033 0.0439235536301126 1.00095988297078 0.231011741433366 -4.79941485391988E-05 0
17.1600000000078 716.029339732719 38.9932512101157 0.0503552667012521 1.00137583774317 0.230942949546207 -6.87918871586479E-05 0
17.2000000000078 717.589186495054 38.9946921584152 0.0472118004573174 1.00108896276085 0.230888501408165 -5.44481380424067E-05 0
17.2400000000079 719.149033277412 38.9961480278456 0.0470404754196292 1.00124615439393 0.230826193688468 -6.2307719696264E-05 0
17.3000000000079 721.489004550851 38.9996346833215 0.0461384749913391 1.00118952111888 0.230766717632524 -5.94760559441521E-05 0
17.3400000000079 723.049002179527 39.0012958448693 0.0489029723388208 1.00149104518398 0.230692165373325 -7.45522591989678E-05 0
17.4000000000079 725.389226522646 39.0023824885952 0.047231125562342 1.00130755708192 0.230626787519229 -6.53778540960603E-05 0
17.440000000008 726.949409620021 39.0031413100476 0.0472506059462476 1.00112825305578 0.23057037486644 -5.64126527890951E-05 0
17.480000000008 728.50959273451 39.0045423771621 0.0469403275118162 1.00114661359394 0.230513044186743 -5.73306796971096E-05 0
17.540000000008 730.85011877236 39.0081684443718 0.0515596025425658 1.00156689087938 0.230434699642774 -7.83445439692332E-05 0
17.580000000008 732.410452732467 39.0094794564014 0.0512482347754223 1.00152152353141 0.230358623466203 -7.60761765707274E-05 0
17.6400000000081 734.75107937213 39.009644948364 0.0462693971611798 1.00100012027676 0.230308617452365 -5.00060138381886E-05 0
17.6800000000081 736.31158148637 39.0130369981578 0.0455829526466994 1.0010848145715 0.23025437672379 -5.42407285747726E-05 0
17.7200000000081 737.872133886558 39.0140611963925 0.0490085132575615 1.00138611583773 0.230185070931903 -6.93057918865314E-05 0
17.7800000000081 740.213079527719 39.0143233880726 0.0455497586565384 1.00076794543027 0.23014667366039 -3.83972715133907E-05 0
17.8200000000082 741.773732504691 39.0173600322615 0.0497643792325974 1.00118710280921 0.230087318519929 -5.93551404607151E-05 0
17.8800000000082 744.114846320939 39.0192688753809 0.0495150156195684 1.00128272459083 0.230023182290388 -6.41362295417447E-05 0
17.9200000000082 745.675599871669 39.0207359351188 0.0491857745081414 1.00130433670657 0.229957965455059 -6.52168353286853E-05 0
17.9600000000082 747.236471282318 39.0203723978824 0.0490661366716422 1.00128346510896 0.229893792199611 -6.41732554479191E-05 0
18.0200000000083 749.577853829833 39.0222086240665 0.048814550883556 1.00123396995675 0.229832093701774 -6.16984978373703E-05 0
18.0600000000083 751.138775549131 39.0233721366648 0.0439370332748182 1.00073071184972 0.229795558109288 -3.65355924860533E-05 0
18.1200000000083 753.480359223671 39.0251561636448 0.0401914556624311 1.00032473005901 0.229779321606337 -1.62365029505618E-05 0
18.1600000000083 755.041431782069 39.0276999446611 0.0438969235850866 1.00051924799881 0.229753359206396 -2.59623999405711E-05 0
18.2000000000083 756.602604888845 39.0289178347995 0.0472640810573427 1.00097642938185 0.229704537737304 -4.8821469092708E-05 0
18.2600000000084 758.944407025119 39.029292357994 0.0437631562681725 1.00060708094304 0.229674183690152 -3.03540471519148E-05 0
18.3000000000084 760.505630438216 39.0303664240795 0.048180501778398 1.0009909124943 0.229624638065437 -4.95456247149528E-05 0
18.3400000000084 762.06695440074 39.0317111669857 0.0402730756763704 1.00017524492932 0.229615875818971 -8.76224646593204E-06 0
18.4000000000084 764.408990638331 39.0337442527475 0.0440995329619751 1.00055675781718 0.229588037928112 -2.78378908591614E-05 0
18.4400000000085 765.970415171352 39.0351618432619 0.0444830100473748 1.00060957222212 0.229557559317006 -3.04786111062327E-05 0
18.5000000000085 768.312704462092 39.038616288597 0.0433858365813048 1.00069682863585 0.229522717885213 -3.48414317925871E-05 0
18.5400000000085 769.874264186365 39.039309275412 0.0457711326672934 1.00090272746236 0.229477581512095 -4.51363731178711E-05 0
18.5800000000085 771.435974723427 39.0397409534788 0.0396613542244713 1.0002829741371 0.22946343280524 -1.41487068550994E-05 0
18.6400000000086 773.778583001462 39.043451508011 0.0465115353161447 1.00090904506744 0.229417980551868 -4.5452253371947E-05 0
18.6800000000086 775.340343841584 39.0442772245237 0.0480298967481421 1.00119381260522 0.229358289921607 -5.96906302607891E-05 0
18.7200000000086 776.902290116181 39.0480739398715 0.0534066474231744 1.00176177227192 0.229270201308011 -8.80886135961045E-05 0
18.7800000000086 779.245234687463 39.0488762652191 0.0493217651981872 1.00144294738028 0.229198053938997 -7.21473690140861E-05 0
18.8200000000087 780.807298839209 39.0511011011992 0.0517059580482485 1.00165359246751 0.229115374315622 -8.26796233753036E-05 0
18.8600000000087 782.369395960821 39.0517366527768 0.0498322496234568 1.00130081154054 0.229050333738595 -6.50405770268092E-05 0
18.9200000000087 784.712659512064 39.0539900975269 0.0495283695267352 1.00132611109197 0.228984028183996 -6.63055545987445E-05 0
18.9600000000087 786.274874510709 39.0557130163011 0.0435120268300934 1.00085365704345 0.228941345331824 -4.26828521726486E-05 0
19.0000000000088 787.837207364501 39.0569052250937 0.0470111367927898 1.00109621488415 0.228886534587616 -5.48107442077006E-05 0
19.0400000000088 789.399540231447 39.0583329790071 0.0468337426162743 1.0011697124377 0.228828048965731 -5.84856218849295E-05 0
19.1000000000088 791.743257932365 39.0601391494554 0.0434744286055825 1.00065231950979 0.228795432990241 -3.2615975489525E-05 0
19.1400000000088 793.305741630611 39.0631047191069 0.0526420710574555 1.0013999066508 0.228725437657702 -6.99953325397962E-05 0
19.1800000000088 794.868325874442 39.0629531974648 0.0476041703646886 1.0009475776564 0.228678058774881 -4.73788828202038E-05 0
19.2400000000089 797.21227766329 39.0663904723195 0.0528850438948795 1.0015124751999 0.228602435014886 -7.56237599950027E-05 0
19.2800000000089 798.774929512409 39.066439714956 0.0471379001902203 1.0008148980806 0.228561690110856 -4.07449040302099E-05 0
19.3200000000089 800.337749484344 39.0697120635727 0.0502885857963493 1.00134833378897 0.228494273421407 -6.74166894487294E-05 0
19.3800000000089 802.682004597737 39.0704509454981 0.0464810869703541 1.00089947918034 0.22844929946239 -4.49739590170695E-05 0
19.420000000009 804.244874865515 39.0718000403196 0.0464408833217005 1.00088366101327 0.228405116411727 -4.41830506632934E-05 0
19.460000000009 805.807795410161 39.0745105316086 0.0450696629235251 1.00078807353086 0.228365712735184 -3.94036765431038E-05 0
19.520000000009 808.152369491057 39.0746921364244 0.0463100806284377 1.00085333562033 0.228323045954168 -4.26667810165204E-05 0
19.560000000009 809.715440863045 39.0760678740271 0.0414850293644768 1.00042996102027 0.228301547903154 -2.1498051013491E-05 0
19.6000000000091 811.278579821577 39.0784509125607 0.0482961370075081 1.0010704334975 0.228248026228279 -5.35216748750789E-05 0
19.6600000000091 813.623355024843 39.080225375676 0.0462624813876047 1.00090512982595 0.228202769736981 -4.52564912976516E-05 0
19.7000000000091 815.186712386436 39.0829788110628 0.0463917615763499 1.00084163659712 0.228160687907126 -4.20818298557779E-05 0
19.7400000000091 816.750019492581 39.0829151864116 0.0467771905597237 1.00081192114427 0.228120091849912 -4.05960572134823E-05 0
19.8000000000092 819.095181234181 39.0853931868091 0.0469382346110161 1.00097194711532 0.228071494494146 -4.85973557657671E-05 0
19.8400000000092 820.658656473155 39.0876498228761 0.0509954120786176 1.00118950419791 0.228012019284251 -5.94752098952545E-05 0
19.8800000000092 822.222214944079 39.0878545640339 0.0438556692261218 1.00051889650205 0.227986074459149 -2.59448251025196E-05 0
19.9400000000092 824.56769564515 39.0903348233154 0.0481189432713926 1.00107394132405 0.227932377392946 -5.36970662023739E-05 0
19.9800000000093 826.13137198519 39.0934018282001 0.0518238839035764 1.00154542649998 0.227855106067947 -7.72713249989732E-05 0
