0.039999999999992 76.8363767698174 0.609862209883346 1.52735358675107 1.15542604552465 1 22.3163623230183 -0.119286625651536
0.0799999999999841 76.8959187531145 1.7816525415022 4.4569422741051 1.4540551960686 1 22.3104081246886 -0.237447488062392
0.119999999999976 77.0028241463006 2.96852069954487 7.42458875596023 1.75654119919795 1 22.2997175853699 -0.356306461059184
0.179999999999964 77.2523722220212 4.75300184496653 11.8859883585888 2.21132119833109 1 22.2747627777979 -0.534833996756497
0.219999999999956 77.4782620224869 5.94387929663877 14.8632206241796 2.51481354183999 1 22.2521737977513 -0.653965271026051
0.279999999999944 77.9064710905077 7.73183349026868 19.3330936507162 2.97046308642643 1 22.2093528909492 -0.832824150910375
0.339999999999932 78.4420313277515 9.52168427323807 23.8076441730293 3.42658914220541 1 22.1557968672249 -1.01187168184628
0.379999999999924 78.8587666351814 10.7159487119787 26.7932327330929 3.7309331034491 1 22.1141233364819 -1.13133848029951
0.439999999999912 79.5734935111832 12.5088506986497 29.7480656685781 4.0321441846792 1 22.0426506488817 -1.3106870301212
0.479999999999905 80.1097736426163 13.7050923040308 29.8090667481792 4.03836377178011 1 21.9890226357384 -1.43034997647499
0.539999999999893 81.0039633848937 15.5008794634305 29.8446284800004 4.04199517784818 1 21.8996036615106 -1.60998354242822
0.599999999999881 82.0059667264577 17.2983112506579 29.8749323941501 4.04508298232642 1 21.7994033273542 -1.78978321830444
0.659999999999869 83.115882070153 19.0973801807898 29.9043523421944 4.04807848394453 1 21.6884117929847 -1.96974276441554
0.719999999999857 84.3338040470844 20.8980144313099 29.9328933487495 4.05098319481014 1 21.5666195952916 -2.14985464511789
0.779999999999845 85.6598238741281 22.7001294439259 29.9604875124369 4.05379088476796 1 21.4340176125872 -2.33012041439413
0.839999999999833 87.0940318594221 24.5037595832496 29.9873247594432 4.05652128438737 1 21.2905968140578 -2.51052794327299
0.899999999999821 88.6365134469233 26.3087748041714 30.0132440264018 4.05915807652007 1 21.1363486553077 -2.6910743325924
0.959999999999809 90.2873514597304 28.1151787608493 30.0384077567245 4.06171776478375 1 20.971264854027 -2.87175644704744
0.999999999999801 91.4481459843228 29.3201386515763 30.054609567072 4.06336560190103 1 20.8551854015677 -2.99228034875803
1.03999999999979 92.6571559275035 30.5256823903272 30.0704381668891 4.06497526228879 1 20.7342844072497 -3.1128638549085
1.09999999999978 94.5611232658848 32.3349928117374 30.0934370960825 4.06731359845604 1 20.5438876734115 -3.29383139117681
1.15999999999977 96.5736953179585 34.145446713593 30.1154550486787 4.06955150749398 1 20.3426304682042 -3.47492143576567
1.21999999999976 98.6949444471393 35.9570371121088 30.1366129581045 4.07170128684175 1 20.1305055552861 -3.65611377304457
1.27999999999975 100.924933048431 37.7697303623105 30.1569378356743 4.07376570288903 1 19.9075066951569 -3.83741504548197
1.33999999999973 103.263720319723 39.5834570869665 30.176359521502 4.07573762670294 1 19.6736279680277 -4.01882195225432
1.39999999999972 105.711370115867 41.3980562665077 30.1947873580439 4.07760784143495 1 19.4288629884133 -4.20031674291705
1.45999999999971 108.267935884651 43.2136932835291 30.2126303937195 4.07941806627911 1 19.1732064115349 -4.38190640714345
1.5199999999997 110.933466899442 45.0300894218654 30.2294326354124 4.08112183075031 1 18.9066533100558 -4.56357736182443
1.55999999999969 112.771053075208 46.2415065547657 30.2401435901711 4.08220746975605 1 18.7228946924792 -4.68473138202106
1.59999999999968 114.657105796039 47.4532247634206 30.2502784062131 4.08323421795713 1 18.5342894203961 -4.80591519382795
1.65999999999967 117.577082252479 49.2713376705293 30.2647101215284 4.0846954960823 1 18.2422917747521 -4.98776000258917
1.71999999999966 120.606178476824 51.0903730120274 30.2789480574018 4.08613665685536 1 17.9393821523176 -5.1696688755811
1.77999999999965 123.744432789739 52.9097119924602 30.29145771258 4.08740127439985 1 17.6255567210261 -5.35161389504569
1.83999999999963 126.991866408614 54.729751042108 30.303520001315 4.08861991945892 1 17.3008133591386 -5.53364606043974
1.89999999999962 130.348528160714 56.5501664978462 30.31423280574 4.08970063311487 1 16.9651471839286 -5.71571397051414
1.93999999999961 132.646991736605 57.763992311128 30.3205437545295 4.09033620363585 1 16.7353008263395 -5.83710487977081
1.97999999999961 134.994011552306 58.9780032633673 30.3267213102627 4.09095801577245 1 16.5005988447694 -5.95852710986022
2.03999999999959 138.605619439157 60.7994469252632 30.3355379094965 4.0918445884579 1 16.1394380560843 -6.1406688458733
2.09999999999958 142.326516846777 62.6212290443847 30.3432326514823 4.09261643424688 1 15.7673483153223 -6.32285214603977
2.15999999999957 146.156728344969 64.4431426105908 30.3499952599492 4.09329290374325 1 15.3843271655031 -6.50504663982997
2.21999999999956 150.096258052625 66.2653159656858 30.3562682485152 4.09391910372641 1 14.9903741947375 -6.68726889692917
2.27999999999955 154.145129354671 68.0875668517 30.3605418058846 4.09434112868698 1 14.5854870645329 -6.86951006951446
2.31999999999954 156.905121745658 69.3025303783897 30.3634798437045 4.09463133472972 1 14.3094878254342 -6.99098895862381
2.35999999999953 159.713714876678 70.5176029155019 30.3663888034805 4.09491843086484 1 14.0286285123322 -7.11249687350637
2.41999999999952 164.017720776144 72.3399915765735 30.3690183625456 4.09517202437801 1 13.5982279223856 -7.29474229384214
2.47999999999951 168.431084187119 74.1624301679939 30.3712243357289 4.09538207312583 1 13.1568915812881 -7.4769894293566
2.53999999999949 172.95378430502 75.9847889674266 30.3725285354201 4.09549982907797 1 12.704621569498 -7.65921716272989
2.59999999999948 177.58581680269 77.8069695504927 30.3725492088187 4.09548638772273 1 12.241418319731 -7.84143464307615
2.65999999999947 182.3271797247 79.6289624133887 30.3720910036381 4.09542376733896 1 11.76728202753 -8.02362996207849
2.71999999999946 187.177856177324 81.4508519506982 30.3708118862784 4.09527709795134 1 11.2822143822676 -8.20580999859417
2.77999999999945 192.137816700502 83.272127146054 30.3679051812014 4.09496414685407 1 10.7862183299498 -8.3879306638958
2.83999999999944 197.207065621275 85.0933745337094 30.364889356781 4.09463970914468 1 10.2792934378725 -8.57000203574638
2.87999999999943 200.647246510955 86.3070997091672 30.3616858088853 4.09430158605387 1 9.93527534890454 -8.69139362430301
2.91999999999942 204.13597766764 87.5208009103755 30.3585522956565 4.09397047547188 1 9.586402233236 -8.81275706434126
2.97999999999941 209.460083063692 89.3407078981365 30.3527600770761 4.09336215286113 0.356876506429702 9.05399169363081 -8.99473316301461
3.0399999999994 214.893375284853 91.1603134446447 30.3466294656553 4.09271901813312 0 8.51066247151466 -9.12342071806484
3.07999999999939 218.544242094737 91.3070277015354 27.6768381638907 3.82055681755669 0 8.14557579052635 -9.13800776291079
3.13999999999938 224.013763139956 90.9349640668168 22.1921817986296 3.26145019756399 0 7.59862368600443 -9.07126013236524
3.19999999999936 229.443251785822 90.2682744255736 15.9724494536204 2.62741215967232 0 7.05567482141778 -9.00463782991954
3.25999999999935 234.832790547633 89.6029896570303 9.75746508690603 1.99385782013937 0 6.51672094523674 -8.93816492984983
3.31999999999934 240.182453285437 88.9385367341599 3.54444936822776 1.36049932131623 0 5.98175467145629 -8.87178078142765
3.37999999999933 245.492345691891 88.2757865466519 2.66241735068142 0.727798517662472 0 5.45076543081086 -8.80551158959427
3.41999999999932 249.010184716084 87.8347028853835 6.79779580570283 0.306239053281781 0 5.0989815283916 -8.76141163836687
3.47999999999931 254.253876959323 87.1736563347894 10.3334469935953 0.0542667072042478 0 4.57461230406771 -8.69539086925227
3.5399999999993 259.45797646849 86.514323903353 11.0516159562852 0.127456565989819 0 4.05420235315105 -8.6294819808591
3.59999999999928 264.622555564041 85.8557784371643 11.0312538429639 0.125397795954558 0 3.53774444359588 -8.56366143854949
3.65999999999927 269.747664928436 85.1980141866902 11.0124519093436 0.123498755485122 0 3.02523350715637 -8.4979207350342
3.69999999999926 273.142502953066 84.7605070523062 10.9981727074996 0.122054143076402 0 2.68574970469344 -8.45423873988451
3.73999999999926 276.51985308039 84.3236500340968 10.9854045764337 0.120763020075265 0 2.348014691961 -8.4105149769608
3.79999999999924 281.553135964437 83.6687936727176 10.9658141707032 0.118782561590765 0 1.84468640355626 -8.34506703068601
3.85999999999923 286.547164830612 83.015173915631 10.9473665463938 0.116920810077406 0 1.3452835169388 -8.27980669226173
3.91999999999922 291.502045371803 82.3628111765215 10.92744745658 0.114905886331232 0 0.849795462819748 -8.21456677939681
3.95999999999921 294.783569340827 81.9283759610433 10.9161173271287 0.11376275137444 0 0.521643065917306 -8.17114922607138
3.9999999999992 298.047740982263 81.4949986329725 10.9019550009159 0.112328738982457 0 0.195225901773665 -8.1277766352849
4.05999999999919 302.911488536978 80.8449732698833 10.8826050721926 0.110371085751097 0 -0.291148853697814 -8.06287199630854
4.11999999999918 307.736282257363 80.1963694822232 10.8650476272492 0.108598522111839 0 -0.77362822573632 -7.99798811826413
4.17999999999917 312.522199208383 79.548082318236 10.8476155829718 0.106835674033485 0 -1.25221992083825 -7.93320168691579
4.21999999999916 315.691213052487 79.1169674177173 10.8342574224566 0.105485703317108 0 -1.5691213052487 -7.89017165813037
4.27999999999915 320.412456310005 78.4707693903623 10.8182420208371 0.103867985152848 0 -2.04124563100049 -7.82554292548803
4.33999999999914 325.09496660647 77.8260588265458 10.799020304435 0.101925023743215 0 -2.50949666064698 -7.76115193772653
4.39999999999912 329.738831908675 77.1822771727144 10.7817997953393 0.10018446249139 0 -2.97388319086749 -7.69677158852581
4.43999999999912 332.81328873965 76.7531591624024 10.7703218318237 0.0990251124056119 0 -3.28132887396496 -7.65391788139881
4.47999999999911 335.870617612149 76.3249722978597 10.7593643822218 0.0979184492034427 0 -3.58706176121486 -7.61110909763428
4.5399999999991 340.424509052769 75.6835886621417 10.7407239666893 0.0960319592534921 0 -4.04245090527693 -7.54699072516484
4.59999999999908 344.939950405853 75.0426818332764 10.723329617774 0.0942743552611186 0 -4.49399504058529 -7.48298535572254
4.65999999999907 349.41699668183 74.4034085848973 10.7067990317232 0.0926040471635229 0 -4.94169966818299 -7.4190514918018
4.71999999999906 353.855706802569 73.7645360910579 10.6904407886018 0.0909519712220066 0 -5.38557068025693 -7.35518442507886
4.77999999999905 358.256135778734 73.1271095354982 10.6741234012831 0.0893011895774049 0 -5.82561357787345 -7.29147351768623
4.83999999999904 362.618347274722 72.4899803356003 10.6579351449477 0.0876673446954489 0 -6.26183472747216 -7.2277612506773
4.87999999999903 365.505259408848 72.0661327466851 10.6470850653977 0.0865695214070988 0 -6.55052594088484 -7.18541015329731
4.91999999999902 368.375221181195 71.6422376279507 10.637737844727 0.0856277783868619 0 -6.83752211811952 -7.14307040544107
4.97999999999901 372.648423865903 71.0077184221669 10.6212343414719 0.0839585743538754 0 -7.26484238659032 -7.07965390802432
5.039999999999 376.883607889293 70.3741971941676 10.6041755186652 0.0822339598060169 0 -7.68836078892928 -7.0162839678118
5.09999999999899 381.080781907309 69.741459237094 10.5896155933784 0.0807626821771075 0 -8.10807819073088 -6.9530627320785
5.13999999999898 383.857840882498 69.3199041206229 10.5798323804262 0.0797752805000293 0 -8.38578408824978 -6.91091929109813
5.17999999999897 386.618038294953 68.8986863752469 10.5710418894714 0.0788916979095549 0 -8.66180382949533 -6.86884620497068
5.23999999999896 390.726803869009 68.2681322056518 10.5546010608219 0.0772265388718725 0 -9.0726803869009 -6.8057969269531
5.29999999999895 394.797753512161 67.6382971854125 10.5394906018578 0.0756997103503509 0 -9.47977535121609 -6.74287441094711
5.35999999999893 398.830917934421 67.0086750348517 10.5259054021851 0.0743274511492722 0 -9.88309179344215 -6.67997410525921
5.41999999999892 402.826381189749 66.3804676947343 10.5116300773756 0.072884682871576 0 -10.2826381189749 -6.6171387372793
5.47999999999891 406.784193545347 65.7535399886816 10.4951050109706 0.0712160324621805 0 -10.6784193545347 -6.5544272990418
5.5399999999989 410.704372310778 65.1260972139182 10.4844944890985 0.0701482315892289 0 -11.0704372310778 -6.49178988775105
5.59999999999889 414.587018851307 64.5016067337822 10.4671105600271 0.0683832238738394 0 -11.4587018851307 -6.42927281622612
5.63999999999888 417.154596404755 64.0846392092527 10.4587060482997 0.0675378136395315 0 -11.7154596404755 -6.38758651555141
5.69999999999887 420.974731958588 63.4601801342426 10.4452678134293 0.0661845166747735 0 -12.0974731958588 -6.32524680468741
5.73999999999886 423.500705705257 63.0440512260148 10.4361734861516 0.065262834907544 0 -12.3500705705257 -6.28364635300632
5.77999999999885 426.010046584532 62.6283037685949 10.4285673389953 0.0644991031861784 0 -12.6010046584532 -6.24204896733377
5.83999999999884 429.742928907042 62.0064840819373 10.412229757947 0.0628435080074967 0 -12.9742928907042 -6.17988115990599
5.87999999999883 432.210792478058 61.5921292834818 10.4034952997997 0.0619574222999361 0 -13.2210792478058 -6.13844851305414
5.93999999999882 435.881477397867 60.9698066718567 10.3906937669195 0.0606641630376096 0 -13.5881477397867 -6.07629811530742
5.97999999999881 438.307890458149 60.5564657003869 10.3828769744738 0.0598793226448431 0 -13.8307890458149 -6.03496852320676
6.0399999999988 441.916520950384 59.9356198774449 10.3725167140781 0.0588352050933338 0 -14.1916520950384 -5.97300277043853
6.07999999999879 444.301626476576 59.5230616204787 10.3624732643263 0.0578209008269439 0 -14.4301626476576 -5.93170588175423
6.13999999999878 447.848329872475 58.9044041092222 10.3490844373922 0.0564657884488658 0 -14.7848329872475 -5.86990117353658
6.17999999999877 450.192204096238 58.4928470747212 10.3386074754953 0.0554050264646116 0 -15.0192204096238 -5.82857898954179
6.23999999999876 453.677073105937 57.8745668158852 10.3297585854422 0.0545153556251304 0 -15.3677073105937 -5.76689694133334
6.27999999999875 455.979749816121 57.4632066961929 10.3222722890711 0.0537616041222255 0 -15.5979749816121 -5.7257660034379
6.33999999999874 459.402928247466 56.8466335426083 10.3078977487625 0.0523076300164504 0 -15.9402928247466 -5.66415195411003
6.37999999999873 461.664526119363 56.4360368196232 10.3010342880909 0.051610933613796 0 -16.1664526119363 -5.62309706304606
6.43999999999872 465.026158613153 55.8213776154584 10.2855691482485 0.0500501703119053 0 -16.5026158613153 -5.56156737104393
6.47999999999871 467.246711434913 55.4109207574014 10.2803125202896 0.0495162582874635 0 -16.7246711434913 -5.52063159460473
6.5399999999987 470.546856913716 54.7969422476379 10.26861714679 0.0483410527479067 0 -17.0546856913716 -5.45927871245634
6.57999999999869 472.726508494699 54.3876636442738 10.2629187098596 0.0477634335904756 0 -17.2726508494699 -5.41833221009584
6.63999999999868 475.965293456567 53.7748204771707 10.2493272922666 0.0463933443904312 0 -17.5965293456567 -5.35706828688568
6.67999999999867 478.10408623924 53.3663234219373 10.2421683633386 0.0456690837571206 0 -17.810408623924 -5.316147155008
6.73999999999866 481.281638014596 52.7543416334622 10.2306897113671 0.0445107844629779 0 -18.1281638014596 -5.25498575219223
6.77999999999865 483.379614443402 52.3464035700067 10.2240433139157 0.0438419779926201 0 -18.3379614443402 -5.21426948055433
6.83999999999864 486.496025742847 51.7357119244249 10.214122308968 0.042837813239687 0 -18.6496025742847 -5.15322667239285
6.87999999999863 488.553303660941 51.3288173803718 10.2052167733703 0.0419387063560185 0 -18.8553303660941 -5.11255482119108
6.93999999999862 491.608726947918 50.7189055239566 10.1950482790354 0.040909539205358 0 -19.1608726947918 -5.05156238562614
6.97999999999861 493.625332320575 50.3126385767301 10.1875197376833 0.0401515218444777 0 -19.3625332320575 -5.01096040820216
7.0399999999986 496.619792728336 49.7041175507905 10.1767126615199 0.0390572753939758 0 -19.6619792728336 -4.95010817296076
7.07999999999859 498.595809610561 49.2976911478194 10.1715363063328 0.0385380484414548 0 -19.8595809610561 -4.90954377227597
7.13999999999858 501.529443124891 48.690455769017 10.159670188073 0.0373400372771898 0 -20.1529443124891 -4.84877518543376
7.17999999999857 503.464939926169 48.2855256173569 10.1521494600965 0.0365786278870779 0 -20.3464939926169 -4.80834656588667
7.23999999999856 506.337873045472 47.6785548893781 10.1428470530188 0.0356415723761283 0 -20.6337873045472 -4.74760349540093
7.27999999999855 508.232908686157 47.2741353876079 10.1366585947916 0.0350159636715479 0 -20.8232908686157 -4.70719516283111
7.33999999999854 511.045175199164 46.6687440269635 10.1253556095935 0.0338701098193452 0 -21.1045175199164 -4.6466125959256
7.37999999999853 512.899817257072 46.2643111661926 10.1207705122506 0.0334105009539954 0 -21.2899817257072 -4.60625601749827
7.43999999999852 515.651527183945 45.6590199744019 10.1126942888995 0.0325932983036813 0 -21.5651527183945 -4.54576461717494
7.47999999999851 517.465843235725 45.2561370915599 10.1038357255797 0.0316985495255044 0 -21.7465843235725 -4.50546768178251
7.5399999999985 520.157090118621 44.6521440529503 10.0957294780124 0.0308819298787968 0 -22.0157090118621 -4.44509799316356
7.57999999999849 521.931156395818 44.2491262237726 10.0909481623466 0.0304000531094838 0 -22.1931156395818 -4.40478279029118
7.63999999999848 524.562040767632 43.6461208583095 10.0810334224813 0.029395818776871 0 -22.4562040767632 -4.34449249805204
7.67999999999847 526.29585727083 43.2441973617155 10.0747932386808 0.0287663186010869 0 -22.629585727083 -4.30433239259513
7.73999999999846 528.866489984328 42.6421781273103 10.0663645664536 0.0279238808368261 0 -22.8866489984328 -4.24415869759411
7.77999999999845 530.560184043949 42.2404950157997 10.0594882785332 0.0272232370009862 0 -23.0560184043949 -4.20396634686777
7.83999999999844 533.070598887862 41.6387207042471 10.0506960204977 0.0263375124325613 0 -23.3070598887862 -4.14382852960879
7.87999999999843 534.72416967107 41.2379101917201 10.0455140523848 0.0258122833041944 0 -23.472416967107 -4.1037581473177
7.93999999999842 537.174459354836 40.6370713711245 10.037627151635 0.0250133594834998 0 -23.7174459354836 -4.04369140462347
7.97999999999841 538.788009059848 40.236804941929 10.0307483762653 0.0243180594160086 0 -23.8788009059848 -4.00366639874251
8.0399999999984 541.178241160815 39.6364381171219 10.0241526726474 0.0236588063681395 0 -24.1178241160815 -3.94368571306261
8.07999999999839 542.751752476906 39.2370009449509 10.0179359055959 0.0230280210870774 0 -24.2751752476906 -3.90371924538613
8.11999999999838 544.309282392845 38.8374474894928 10.0125878372505 0.0224879637838381 0 -24.4309282392846 -3.86377374808658
8.17999999999837 546.615612140158 38.2384795386082 10.0049822576134 0.0217189049425662 0 -24.6615612140158 -3.80389337817229
8.23999999999836 548.886059135315 37.6399700896339 9.99681972636023 0.0208952899807517 0 -24.8886059135315 -3.74405750753992
8.27999999999835 550.379713714938 37.241224320237 9.99165735494715 0.0203733178491891 0 -25.0379713714938 -3.70419190141919
8.33999999999834 552.590340478346 36.6434510524703 9.98399296695567 0.0195995656677409 0 -25.2590340478346 -3.64442947534741
8.37999999999833 554.044176709722 36.2451851520647 9.97899128268369 0.0190945552738493 0 -25.4044176709722 -3.60461161199843
8.43999999999832 556.195083773579 35.6483717850092 9.97010734801195 0.0181975332912934 0 -25.6195083773579 -3.54488107217528
8.47999999999831 557.609101657523 35.2502571650418 9.96680144503638 0.0178697081395651 0 -25.7609101657523 -3.50515133744669
8.5399999999983 559.700340953306 34.6539455768657 9.95942010962042 0.0171177243307422 0 -25.9700340953306 -3.44552525750591
8.57999999999829 561.074608065304 34.2570290223984 9.95356757751926 0.0165336841925769 0 -26.1074608065304 -3.40584142003674
8.63999999999828 563.10625499289 33.6608791858162 9.94766678671964 0.015931085757563 0 -26.310625499289 -3.34623575619384
8.67999999999827 564.440771333291 33.2637812580492 9.9435468183049 0.0155152019393301 0 -26.4440771333291 -3.30655598073883
8.73999999999826 566.412868336542 32.6689076363409 9.9362973638498 0.0147837047833603 0 -26.6412868336542 -3.24706329510531
8.77999999999825 567.707786370069 32.2730259647886 9.93033579126788 0.0141757531472194 0 -26.7707786370069 -3.20741998304474
8.83999999999824 569.620418335428 31.6779587501163 9.92597003927532 0.0137373882767434 0 -26.9620418335428 -3.14799043091033
8.87999999999823 570.875695617986 31.2818783349525 9.92088402823696 0.0132215945229928 0 -27.0875695617986 -3.10838876631354
8.93999999999822 572.728937944281 30.688693019066 9.91306811533127 0.0124327378521605 0 -27.2728937944281 -3.04901948636651
8.97999999999821 573.944616919733 30.2923730435342 9.91157617359842 0.0122823780003516 0 -27.3944616919733 -3.00941569562598
9.0399999999982 575.738486918504 29.6983652477495 9.9062210607591 0.0117457824262187 0 -27.5738486918504 -2.95008588862862
9.07999999999819 576.914610030479 29.3038482698232 9.89976905391708 0.0110984384516536 0 -27.6914610030479 -2.91062644758194
9.11999999999819 578.0749544719 28.908713144311 9.89617216626515 0.0107349674678928 0 -27.80749544719 -2.87112083964176
9.17999999999817 579.785827413783 28.3160651465455 9.89233795694332 0.0103505361765077 0 -27.9785827413783 -2.81192255887783
9.23999999999816 581.461190108326 27.7241845818543 9.8843708644898 0.00954437728941339 0 -28.1461190108326 -2.75268939239236
9.27999999999815 582.558344469289 27.3296277470695 9.88056166091042 0.00916020221882628 0 -28.2558344469289 -2.71324042564567
9.33999999999814 584.174529743614 26.7380252439316 9.87660493313945 0.00877038651762079 0 -28.4174529743614 -2.65409121395166
9.37999999999813 585.232263394282 26.3442447921469 9.87025611313342 0.00813179823961272 0 -28.5232263394282 -2.61465607978829
9.43999999999812 586.789304204751 25.7531199666774 9.86304756553914 0.00739441502684915 0 -28.6789304204751 -2.55555071672302
9.47999999999811 587.807642278611 25.3588879336637 9.86233478783537 0.00732198879205284 0 -28.7807642278611 -2.5161583520919
9.5399999999981 589.30559837888 24.7683207489409 9.85715273930432 0.00679992995539031 0 -28.930559837888 -2.45715221773136
9.57999999999809 590.284558186424 24.3747639225365 9.85318698204634 0.00640867237340948 0 -29.0284558186424 -2.41780293978943
9.63999999999808 591.72351446352 23.7843212840035 9.84959167836853 0.00604515759977067 0 -29.172351446352 -2.35885353846162
9.67999999999807 592.663146270672 23.3912287487443 9.84593041982312 0.00567141040156956 0 -29.2663146270672 -2.31948310070585
9.73999999999806 594.04311054782 22.8014494342274 9.84137241626061 0.00521799709701757 0 -29.404311054782 -2.26057900477371
9.77999999999805 594.943456798093 22.4088166400448 9.83850176289921 0.0049026023391492 0 -29.4943456798093 -2.22119374865152
9.83999999999804 596.264463696396 21.8195948896535 9.83374501683958 0.004450951244635 0 -29.6264463696396 -2.16232434926268
9.87999999999803 597.125524390372 21.426924970401 9.8298392572268 0.00405191978487076 0 -29.7125524390372 -2.12306317215056
9.93999999999802 598.387674441678 20.8384494629014 9.82460945767622 0.00351761925496938 0 -29.8387674441678 -2.06415962517272
9.97999999999801 599.20949202287 20.4460494508604 9.8217172303575 0.00322737897929162 0 -29.920949202287 -2.02490637868718
10.039999999998 600.412752271746 19.8574878684159 9.81701423273504 0.00275299693158233 0 -30.0412752271746 -1.96614218660013
10.079999999998 601.195351873641 19.465213606011 9.81496862922829 0.00255906073714211 0 -30.1195351873641 -1.92689390066151
10.139999999998 602.339772586594 18.877396173547 9.81006367290117 0.00207384292703274 0 -30.2339772586594 -1.86812389348597
10.179999999998 603.083154209191 18.4852750397835 9.80878469898199 0.00196585733180605 0 -30.3083154209191 -1.82893556791148
10.239999999998 604.168820273248 17.8975966727251 9.80492564043748 0.00157036295591694 0 -30.4168820273248 -1.77016181033994
10.279999999998 604.873009048635 17.5058007711313 9.80274032604288 0.00135136782247419 0 -30.4873009048635 -1.73101320685364
10.3399999999979 605.899953419808 16.9186035094744 9.7995448213833 0.00108260129151481 0 -30.5899953419808 -1.67228686403464
10.3799999999979 606.564983969904 16.5271528407038 9.79717130024907 0.000872680099825296 0 -30.6564983969904 -1.63314669677622
10.4399999999979 607.533198825084 15.9401424372991 9.7932929103165 0.000550620050096785 0 -30.7533198825084 -1.57445173372686
10.4999999999979 608.466208361904 15.3533234497237 9.78896831575109 0.000519037792806442 0 -30.8466208361904 -1.51571066770908
10.5599999999979 609.364020402078 14.7666908328071 9.78629906516925 0.000560820287573988 0 -30.9364020402078 -1.45707340086589
10.5999999999979 609.942979486194 14.3746876929372 9.78659818894527 0.000432838773751834 0 -30.9942979486194 -1.41797731678156
10.6399999999979 610.506295054452 13.984748475084 9.78204907653689 0.000906017412986265 0 -31.0506295054453 -1.37893134155404
10.6799999999979 611.054001726676 13.5938942245477 9.77969488651841 0.00112966443947046 0 -31.1054001726676 -1.33980682445932
10.7399999999979 611.846255899058 13.0077408323597 9.77708493406737 0.00136946075080701 0 -31.1846255899058 -1.28124033108558
10.7799999999979 612.354879745282 12.6170580469329 9.77516508570155 0.00155497523462187 0 -31.2354879745282 -1.24219810121818
10.8399999999978 613.088556866744 12.0319059360427 9.77051941072581 0.00202654146545151 0 -31.3088556866744 -1.183588809661
10.8799999999978 613.558115197928 11.6406325940287 9.77039784467764 0.0020256623814204 0 -31.3558115197928 -1.14451729209454
10.9399999999978 614.233180646552 11.0546219131472 9.77174885584331 0.00188528325128282 0 -31.4233180646552 -1.08595299307085
10.9799999999978 614.663706417894 10.6647865982484 9.76479614950809 0.00258596964819074 0 -31.4663706417894 -1.04693021861179
11.0399999999978 615.280212125508 10.0787870911858 9.76483099328574 0.00258221508623533 0 -31.5280212125508 -0.988407508338403
11.0799999999978 615.671714824974 9.68865095111995 9.76303529949825 0.00275007676598235 0 -31.5671714824974 -0.949428840188806
11.1399999999978 616.229726703605 9.1035833643756 9.76032079205587 0.00302715106738729 0 -31.6229726703605 -0.890894576268126
11.1799999999978 616.582223641803 8.71323559658205 9.75948299062369 0.00310494176797081 0 -31.6582223641803 -0.851821361135032
11.2399999999978 617.081666292041 8.12836246708785 9.75878543370586 0.003174070076851 0 -31.7081666292041 -0.793292443505227
11.2799999999978 617.395155804115 7.73877866120631 9.75456203967225 0.0036169175737477 0 -31.7395155804115 -0.754321354705226
11.3399999999977 617.836121934699 7.15363869382107 9.75238482229346 0.00382678533558375 0 -31.7836121934699 -0.695866222506115
11.3999999999977 618.242010078393 6.56855595596541 9.75179205852109 0.00388034795334063 0 -31.8242010078393 -0.637340052541624
11.4599999999977 618.612793435575 5.98342983239998 9.75154018883323 0.00392159756140741 0 -31.8612793435575 -0.578910210259436
11.5199999999977 618.948506628047 5.39874607960886 9.74910592825401 0.00415010766372459 0 -31.8948506628047 -0.520386442704589
11.5599999999977 619.152798117371 5.00961526236893 9.74825248372842 0.00423645794268992 0 -31.9152798117371 -0.481445791746808
11.5999999999977 619.341513666208 4.61956201426403 9.74655536964134 0.00441322987039665 0 -31.9341513666208 -0.442512916483918
11.6599999999977 619.595395917539 4.03571458604985 9.74295140507584 0.00478885094819035 0 -31.9595395917539 -0.384015014218525
11.7199999999977 619.814173383289 3.45103325275167 9.74329471180899 0.00474185873436582 0 -31.9814173383289 -0.325522895251407
11.7799999999977 619.997863373603 2.86601239808201 9.74304811975383 0.00476437148088446 0 -31.9997863373603 -0.267120840361132
11.8199999999976 620.100845341804 2.47638663061188 9.74246088402224 0.00482701239881867 0 -32.0100845341804 -0.228157947362215
11.8799999999976 620.226143700653 1.89197453266007 9.7427448974602 0.00479442230850554 0 -32.0226143700653 -0.169716585092728
11.9199999999976 620.290152864181 1.50238114110842 9.74083885949826 0.00500031928638596 0 -32.0290152864181 -0.130758850610881
11.9799999999976 620.356992015266 0.91801617400796 9.74103028497768 0.00496920474556656 0 -32.0356992015266 -0.0723223022343063
12.0199999999976 620.382078639814 0.528437916912409 9.74165405987026 0.00490582730996986 0 -32.0382078639814 -0.033365409388081
12.0799999999976 620.390458583366 -0.0559112364269367 9.74007932807137 0.0050658788326827 0 -32.0390458583366 0.0250694142316306
12.1399999999976 620.363784007495 -0.640259058856884 9.73864602705312 0.00521412936792901 0 -32.0363784007495 0.0834612379377518
12.1799999999976 620.326568538556 -1.02948731408972 9.73867515472261 0.00520934024438287 0 -32.0326568538556 0.122493006116521
12.2399999999976 620.241459887591 -1.61353747115972 9.73771827301749 0.00530778102009757 0 -32.0241459887591 0.180924171451882
12.2799999999976 620.165254303021 -2.00369297257726 9.73909461940196 0.005167002475441 0 -32.0165254303021 0.219784788000976
12.3399999999975 620.021736711264 -2.58736018199505 9.73729768042611 0.00535207780253591 0 -32.0021736711264 0.278273746527401
12.3799999999975 619.906608587131 -2.97688103456537 9.73716898936773 0.00536581484642678 0 -31.9906608587131 0.317224070789676
12.4399999999975 619.704631787026 -3.56172810605644 9.73838140825378 0.00524167114148756 0 -31.9704631787026 0.375646441957726
12.4799999999975 619.550513547496 -3.95119599938428 9.73813785610293 0.00526728703911945 0 -31.9550513547496 0.414592204645284
12.5399999999975 619.290152938338 -4.53558501697279 9.73824099326341 0.00526032132875485 0 -31.9290152938338 0.472984280283933
12.5799999999975 619.097112159827 -4.92475869982852 9.73810446786316 0.00527192839754317 0 -31.9097112159827 0.511945700439054
12.6399999999975 618.778342608712 -5.50909614279189 9.73882269795937 0.00519958901741734 0 -31.8778342608712 0.570352423233911
12.6799999999975 618.546329024131 -5.89819309485362 9.73617645564958 0.00547209138324753 0 -31.8546329024131 0.609285036875731
12.7399999999975 618.169125398621 -6.48173124104761 9.73585371672793 0.00550449016152503 0 -31.8169125398621 0.667721698059242
12.7799999999975 617.898171964684 -6.87142063209619 9.73627513304347 0.00546304940290007 0 -31.7898171964684 0.706603948964218
12.8399999999974 617.462584530353 -7.45505734358625 9.73324936054891 0.00577428143650327 0 -31.7462584530353 0.764985008806681
12.8799999999974 617.152725867229 -7.84443448277175 9.7330226076701 0.00580017626388365 0 -31.7152725867229 0.803901731723217
12.9399999999974 616.65877975733 -8.42790002392088 9.73071378712567 0.00603368302169924 0 -31.665877975733 0.862370796403998
12.9799999999974 616.309981244965 -8.81782807378619 9.73259982104807 0.00584438442931702 0 -31.6309981244965 0.90121210624762
13.0399999999974 615.757651325548 -9.40036235916175 9.72809193374846 0.00630428545366867 0 -31.5757651325548 0.959512545597391
13.0799999999974 615.369997849921 -9.78969607542908 9.72868424447595 0.00625069820699713 0 -31.5369997849921 0.998417234666485
13.1399999999974 614.759351697867 -10.3730614619171 9.72825295858894 0.00630485942553588 0 -31.4759351697867 1.05674893610721
13.1799999999974 614.332792993635 -10.7619007710385 9.7261274113618 0.00651610959096378 0 -31.4332792993635 1.09562983518516
13.2399999999974 613.663830610109 -11.3441088917979 9.72255689366569 0.0068946274433137 0 -31.3663830610109 1.15403544307795
13.2799999999974 613.198399632936 -11.7326941694208 9.72057756243015 0.00710098958756417 0 -31.3198399632936 1.19274557863613
13.3399999999973 612.471146149677 -12.3167002211493 9.72192835934385 0.00695764456535069 0 -31.2471146149677 1.25114145142346
13.3799999999973 611.966860209825 -12.7048235001584 9.7174160947051 0.00741216417704451 0 -31.1966860209825 1.28997387341798
13.4399999999973 611.181290493929 -13.2890173344704 9.72156687360029 0.00701845037873246 0 -31.1181290493929 1.34821792704954
13.4799999999973 610.638149591279 -13.6761360023417 9.71602751518623 0.00755768409621054 0 -31.0638149591279 1.38703016471539
13.5399999999973 609.794331219164 -14.2588134322246 9.71430814365154 0.00774069970370677 0 -30.9794331219164 1.44529433047786
13.5799999999973 609.212377796881 -14.6470536337662 9.71281054271473 0.00789597629578823 0 -30.9212377796881 1.48411276020244
13.6199999999973 608.614890878089 -15.0354168021655 9.7143982839947 0.00774493879613157 0 -30.8614890878089 1.52290111252598
13.6799999999973 607.689552650088 -15.6176337652636 9.71227685149525 0.00794533221968693 0 -30.7689552650088 1.58109502576295
13.7399999999973 606.729304542998 -16.1990914183611 9.70590628664927 0.00860105091589608 0 -30.6729304542998 1.63928045386409
13.7799999999973 606.069751214935 -16.5870335623015 9.70545508961344 0.00866772728262026 0 -30.6069751214935 1.67809242270005
13.8399999999972 605.051329851267 -17.168637676301 9.69898007312288 0.00931941991418382 0 -30.5051329851267 1.73624781705822
13.8799999999972 604.352989137173 -17.5562674925204 9.70025879097131 0.00919998325199658 0 -30.4352989137173 1.7750048508393
13.9399999999972 603.27640400466 -18.1369912278315 9.69537422864149 0.00969535806730308 0 -30.327640400466 1.83308413942971
13.9799999999972 602.539343481767 -18.5255397633635 9.69614550978003 0.00962270887734645 0 -30.2539343481767 1.87189981125406
14.0399999999972 601.40466215671 -19.1061676171234 9.69282266597371 0.00997563587478239 0 -30.140466215671 1.9299571199683
14.0799999999972 600.628839379642 -19.4931537737157 9.68873094219921 0.0103881324267623 0 -30.0628839379642 1.96864661466251
14.1399999999972 599.436094817007 -20.073739823548 9.68655318384107 0.0106237043716997 0 -29.9436094817007 2.02672064542256
14.1799999999972 598.621577363461 -20.4610072993114 9.68486509967017 0.0107831074007551 0 -29.8621577363461 2.06534983408788
14.2399999999972 597.37081200839 -21.0409306969154 9.68066391267364 0.0112187515578781 0 -29.737081200839 2.12339641756391
14.2799999999972 596.517617188743 -21.4276190071694 9.67831042513022 0.0114622214530746 0 -29.6517617188743 2.16206101941256
14.3399999999971 595.208848350914 -22.0065234130283 9.67376371634899 0.0119411355052254 0 -29.5208848350914 2.22013054295455
14.3799999999971 594.316976164933 -22.3935688672332 9.6700052323203 0.0123186702165202 0 -29.4316976164933 2.25873850079257
14.4399999999971 592.950228977483 -22.973338375202 9.66785894128832 0.0125361881758861 0 -29.2950228977483 2.31664153961639
14.4799999999971 592.019729692023 -23.3594655684684 9.66571234693581 0.0127629038963022 0 -29.2019729692023 2.35525123920336
14.5399999999971 590.595046597766 -23.9382708480021 9.66126042452928 0.0132189429651009 0 -29.0595046597766 2.41312172516333
14.5799999999971 589.625962654944 -24.3247872317682 9.65938494183811 0.0134290612024312 0 -28.9625962654944 2.45168105525135
14.6399999999971 588.143411231576 -24.9029315752858 9.65493613677286 0.0138759960637797 0 -28.8143411231576 2.50957300611091
14.6799999999971 587.135759942699 -25.2882553428105 9.65152439110817 0.0142226395912965 0 -28.7135759942699 2.54814545365088
14.7399999999971 585.595382633619 -25.8666146100983 9.65016152935996 0.0143647016277863 0 -28.5595382633619 2.60600967787581
14.7799999999971 584.549189131474 -26.2516437790341 9.64512109450029 0.0148821469833918 0 -28.4549189131474 2.64446766917745
14.839999999997 582.951011069468 -26.8295048554803 9.64035149096274 0.0153812030514413 0 -28.2951011069468 2.70222074242045
14.879999999997 581.866325620562 -27.214453588191 9.63740617605082 0.0156888005133523 0 -28.1866325620562 2.74068555547156
14.939999999997 580.210414381698 -27.7913005176515 9.63250946963977 0.0161858162267187 0 -28.0210414381698 2.79828590829308
14.979999999997 579.087271607015 -28.1761958596225 9.62845675772222 0.0166004409217003 0 -27.9087271607015 2.83681992516981
15.039999999997 577.373712078901 -28.7527374684121 9.62445060711286 0.0170164772763726 0 -27.7373712078901 2.89443551914936
15.079999999997 576.212144934107 -29.1370876219121 9.62201856090429 0.0172785797969429 0 -27.6212144934107 2.93300061684165
15.139999999997 574.440911983373 -29.7134175625363 9.61694567039281 0.0178014983574808 0 -27.4440911983373 2.99053686054379
15.179999999997 573.240895335213 -30.0978720856411 9.61551015045045 0.0179566971379854 0 -27.3240895335213 3.02892015736978
15.239999999997 571.412122449372 -30.6724125816196 9.60720693336429 0.0187965555342089 0 -27.1412122449372 3.08642327539946
15.279999999997 570.173750672489 -31.0561877541387 9.60427342633745 0.0191004674116821 0 -27.0173750672489 3.12478916884509
15.3399999999969 568.28741438454 -31.6311811104251 9.59964206137844 0.0195900010347731 0 -26.828741438454 3.18223423828596
15.3799999999969 567.010745567619 -32.0143356154893 9.59528888997953 0.0200306190229893 0 -26.7010745567619 3.22058501617063
15.4399999999969 565.066938587697 -32.5887213967301 9.58990079128119 0.020591467418971 0 -26.5066938587697 3.27799992107037
15.4799999999969 563.751972731203 -32.9714773349586 9.58591447259731 0.0209967305803438 0 -26.3751972731203 3.31627862987554
15.5399999999969 561.750795590691 -33.5458236419928 9.5809549382447 0.0215045301213656 0 -26.1750795590691 3.3736774782045
15.5799999999969 560.397532694275 -33.9276583138844 9.57440586896564 0.0221775565584818 0 -26.0397532694275 3.41189077464434
15.6399999999969 558.338987057679 -34.5012215976043 9.57196419183961 0.0224376601209292 0 -25.8338987057679 3.46912207355685
15.6799999999969 556.947544964496 -34.882160936202 9.56487572351972 0.0231678810328554 0 -25.6947544964496 3.50731020691081
15.7399999999969 554.831773809157 -35.455397047576 9.56048221791313 0.0236190783099914 0 -25.4831773809157 3.56461737004761
15.7799999999969 553.402144696331 -35.8369116587585 9.55638275050237 0.02404137131303 0 -25.3402144696331 3.60276032582954
15.8399999999968 551.229105578037 -36.4088560644192 9.55027994518545 0.0246711580108509 0 -25.1229105578037 3.65994051481314
15.8799999999968 549.761374332826 -36.7899237732327 9.54605978548516 0.0251065186182741 0 -24.9761374332826 3.69803969149089
15.9399999999968 547.531194581999 -37.3612012108338 9.53838832326113 0.0258966420975604 0 -24.7531194581999 3.75515424424532
15.9799999999968 546.02538633754 -37.7418268907454 9.53536604066977 0.0262092458142352 0 -24.602538633754 3.79320768339107
16.0399999999968 543.738141353824 -38.3124265572376 9.5279583136731 0.0269747317984144 0 -24.3738141353824 3.85025241599771
16.0799999999968 542.194281243137 -38.6925936689523 9.52602643521484 0.0271707833653614 0 -24.2194281243137 3.88826263406474
16.1399999999968 539.849971026066 -39.2625165500329 9.51774488110097 0.0280261216876902 0 -23.9849971026066 3.94524039116895
16.1799999999968 538.268118802574 -39.6422310997959 9.51324511304742 0.0284902217330089 0 -23.8268118802574 3.98320137844001
16.2399999999968 535.866870683618 -40.2114198244397 9.50635659495678 0.029200753017365 0 -23.5866870683618 4.04010681151197
16.2799999999968 534.247076613712 -40.5906509941346 9.50176556053697 0.0296739245363568 0 -23.4247076613712 4.07802181378718
16.3399999999967 531.788958168589 -41.1591594408794 9.49484367482667 0.0303876249175879 0 -23.1788958168589 4.1348550936408
16.3799999999967 530.131272518774 -41.5378897322085 9.49010564906772 0.0308762158503534 0 -23.0131272518774 4.17276014734974
16.4399999999967 527.616334014456 -42.1056006148313 9.482884460637 0.0316211839519089 0 -22.7616334014456 4.22942149487133
16.4999999999967 525.067365792464 -42.6733108451165 9.47666313922858 0.0322701456540327 0 -22.5067365792464 4.28618686207381
16.5399999999967 523.349161005346 -43.0507534930745 9.47054285217445 0.0328939772496964 0 -22.3349161005346 4.32396614558962
16.5799999999967 521.615820358624 -43.4283819232706 9.46532759537869 0.0334301454435476 0 -22.1615820358624 4.36172884289583
16.6199999999967 519.867402773583 -43.8060560248046 9.4607249663664 0.0339083704721095 0 -21.9867402773583 4.39947255716497
16.6799999999967 517.216468564351 -44.3718418943676 9.4529297480447 0.0347112580292933 0 -21.7216468564351 4.4560358003382
16.7199999999967 515.430329173803 -44.7486068980315 9.44719479432444 0.0352995994302043 0 -21.5430329173803 4.4937012887161
16.7799999999967 512.722871176666 -45.3138745090572 9.43991578540732 0.0360534780338085 0 -21.2722871176666 4.55023334840643
16.8399999999967 509.981500472408 -45.8784230154712 9.43201041613803 0.0368681630918356 0 -20.9981500472408 4.60664081868199
16.8999999999966 507.206285468536 -46.442173494627 9.42210974406815 0.0378811306774038 0 -20.7206285468536 4.66306614116721
16.9599999999966 504.397259121877 -47.005910884699 9.41557849116027 0.0385593892499659 0 -20.4397259121877 4.7193882442879
16.9999999999966 502.505784727167 -47.3815545590283 9.41062188906677 0.0390740768703122 0 -20.2505784727167 4.75692031696903
17.0599999999966 499.640446810867 -47.9440823812835 9.4018318630192 0.0399816092727665 0 -19.9640446810867 4.8131781317922
17.1199999999966 496.741348650423 -48.5063298880023 9.39426542722681 0.0407604504995029 0 -19.6741348650423 4.86934078928805
17.1799999999966 493.808566477732 -49.0683428535087 9.3861302282946 0.0416011765876548 0 -19.3808566477732 4.92555523911829
17.2199999999966 491.834638464847 -49.442396905722 9.37996310183775 0.0422340733512102 0 -19.1834638464847 4.9629329971529
17.2799999999966 488.84571366373 -50.0032169079132 9.37142694446674 0.0431172878793339 0 -18.884571366373 5.01900991099463
17.3199999999966 486.834410383482 -50.3770203755094 9.36585551639812 0.0436839985084332 0 -18.6834410383482 5.05640677215511
17.3799999999965 483.789452141151 -50.9369519792477 9.35763650931029 0.0445407808399436 0 -18.3789452141151 5.11230223819064
17.4199999999965 481.74083334743 -51.3098027475577 9.35146455984887 0.045182147919521 0 -18.174083334743 5.14962181391263
17.4599999999965 479.677290079067 -51.6824696398661 9.34592940319249 0.0457423081529698 0 -17.9677290079067 5.18687060442467
17.4999999999965 477.598838813836 -52.0555326215803 9.34188808046198 0.0461635620213395 0 -17.7598838813836 5.22410479617594
17.5599999999965 474.453268616693 -52.6132396569085 9.3319693365459 0.047183014928816 0 -17.4453268616693 5.27991903791393
17.5999999999965 472.337611858267 -52.9854265060858 9.32464790573513 0.0479351934030675 0 -17.2337611858267 5.31708626140089
17.6599999999965 469.13625422481 -53.5430442817339 9.31503928333134 0.0489284506740382 0 -16.913625422481 5.37285066775142
17.7199999999965 465.901508851093 -54.0980523180066 9.30254949948304 0.0502201427496721 0 -16.5901508851093 5.42846636915983
17.7799999999965 462.633358428138 -54.6553665473378 9.29600226335613 0.0508892279614265 0 -16.2633358428138 5.48406317036831
17.8199999999965 460.436060637003 -55.0264564930799 9.29159728665073 0.0513388123102297 0 -16.0436060637003 5.52109456421869
17.8599999999964 458.223964869278 -55.3956969657846 9.28303761441837 0.0522300698305333 0 -15.8223964869278 5.5581011552159
17.8999999999964 455.997054646723 -55.7661151454157 9.27642595129159 0.0529109948837054 0 -15.5997054646723 5.59509057996137
17.9399999999964 453.755355103756 -56.1355870430023 9.27185497404449 0.0533821307288713 0 -15.3755355103756 5.63202227286999
17.9999999999964 450.365106979036 -56.6899184442375 9.26120235633362 0.0544842422569854 0 -15.0365106979036 5.68743063561433
18.0599999999964 446.941640055971 -57.2430874955796 9.25008071890329 0.0556279072720824 0 -14.6941640055971 5.74269050622838
18.1199999999964 443.485047044116 -57.7958238774238 9.24439957615124 0.0562135512302089 0 -14.3485047044116 5.79797734040774
18.1799999999964 439.995294986526 -58.3477548441658 9.23094253178023 0.057597221815742 0 -13.9995294986526 5.8532196066053
18.2199999999964 437.650358644431 -58.71593447382 9.2236698088256 0.0583507311716332 0 -13.7650358644431 5.88991763081407
18.2799999999964 434.10542035324 -59.2667905413574 9.21442099592207 0.0593015229648443 0 -13.410542035324 5.94503589422355
18.3199999999964 431.723786175833 -59.6338609485289 9.2073610375508 0.0600275228468561 0 -13.1723786175833 5.98175201498595
18.3799999999963 428.123804624774 -60.1839284513064 9.19754583450353 0.0610413270966245 0 -12.8123804624774 6.03671216469745
18.4199999999963 425.70549774426 -60.5502489815688 9.18983117655551 0.0618344337166764 0 -12.570549774426 6.07334225955848
18.4799999999963 422.050575132249 -61.0990463825267 9.18032588560904 0.0628108786160797 0 -12.2050575132249 6.12821036129423
18.5199999999963 419.59567178099 -61.4649882972854 9.17288793182057 0.0635832218377475 0 -11.959567178099 6.16476993073283
18.5799999999963 415.885900817229 -62.0128847135478 9.1628036557536 0.0646254341222005 0 -11.5885900817229 6.21946854365525
18.6199999999963 413.394511015271 -62.3769109405543 9.15241995101641 0.0656907702073863 0 -11.3394511015271 6.25600026422035
18.6799999999963 409.630044163554 -62.9245108056875 9.14428000072207 0.0665326248868454 0 -10.9630044163554 6.31066356099012
18.7199999999963 407.102193043451 -63.2885046624747 9.13658832366443 0.0673236812143468 0 -10.7102193043451 6.34706969375108
18.7799999999963 403.283115190337 -63.8347359540528 9.12699934644744 0.0683148949734042 0 -10.3283115190337 6.40160889383084
18.8399999999963 399.431326196878 -64.3792449802044 9.11453715474979 0.0695975416576441 0 -9.94313261968782 6.45606765452944
18.8799999999962 396.845300151734 -64.7421975309991 9.10786128040802 0.0702890047326468 0 -9.68453001517337 6.49233450525218
18.9399999999962 392.939052620088 -65.2862736402371 9.09641662346627 0.0714635357905873 0 -9.29390526200878 6.54670401514677
18.9999999999962 389.000237756176 -65.8284269501988 9.08434023009665 0.0727143027921204 0 -8.90002377561759 6.60091620759025
19.0399999999962 386.356298436876 -66.1906824511843 9.07668269718503 0.0734982317069279 0 -8.63562984368764 6.63718072107651
19.0999999999962 382.363227766007 -66.7328944387711 9.06563233919181 0.0746395709639583 0 -8.23632277660072 6.69134265061046
19.1399999999962 379.683106923243 -67.0941019377531 9.05849834230856 0.0753756579154172 0 -7.9683106923243 6.72738934200823
19.1999999999962 375.635877898429 -67.6349384197505 9.04711093340007 0.0765504807067563 0 -7.56358778984286 6.78144065218017
19.2399999999962 372.919748385437 -67.9945551845459 9.03826230026514 0.0774600608613221 0 -7.29197483854368 6.81747171261619
19.2999999999962 368.818521293462 -68.534567111023 9.02804319471718 0.0785158612088312 0.207311205715318 -6.88185212934623 6.87144370553963
19.3399999999962 366.066404331825 -68.8935998757587 9.01830703763952 0.079520936798228 0.51844358452359 -6.60664043318247 6.90734190516704
19.3999999999961 361.921633591759 -69.0871206607488 8.14672927883781 0.168366557250178 0.952230452606792 -6.1921633591759 6.88351175545798
19.4399999999961 359.17331065191 -68.5829484933002 5.98068425094353 0.389172585620244 1 -5.91733106519096 6.83307811515415
19.4999999999961 355.110320295556 -67.1045409820022 0.929591636294579 0.904122052208841 1 -5.51103202955565 6.64513691118109
19.5399999999961 352.465347532416 -65.798835482494 3.23837701745936 1.32892934785227 1 -5.24653475324158 6.51456281248971
19.5999999999961 348.595853438019 -63.8394287556468 9.48889027379105 1.96610877565334 1 -4.85958534380188 6.31869269238475
19.6399999999961 346.081475332147 -62.5341304780916 13.6511629256568 2.39040722160719 1 -4.60814753321465 6.18812145052001
19.6999999999961 342.407839853084 -60.5758740258699 19.8968145498853 3.02708232337062 1 -4.24078398530837 5.99236108443914
19.7399999999961 340.023984920001 -59.2702559321428 24.0584336124548 3.45131274149189 1 -4.00239849200007 5.86175701736065
19.7999999999961 336.546140492661 -57.3127233105684 29.436055128885 3.99950218010952 1 -3.65461404926609 5.66600747671422
19.8399999999961 334.292838623864 -56.007207193963 31.4394102912912 4.20372534721207 1 -3.42928386238636 5.53544698442255
19.899999999996 331.010794760776 -54.0489664315658 32.638981689033 4.32601688312413 1 -3.10107947607758 5.33968096432803
19.939999999996 328.88800827181 -52.744501382966 32.6358753006046 4.3257073153908 1 -2.88880082718097 5.20911617066286
19.999999999996 325.801761082257 -50.785780260197 32.6341522179015 4.32554200570369 1 -2.58017610822571 5.01331197565687
20.039999999996 323.809537174297 -49.4801921013556 32.6348743063594 4.32562220726621 1 -2.38095371742966 4.8827252238011
20.099999999996 320.919129954069 -47.5215857229294 32.6357455795544 4.32572058098385 1 -2.09191299540689 4.68687351473889
20.139999999996 319.057485947968 -46.2157465917689 32.6362975147298 4.32578295926057 1 -1.90574859479675 4.55625207243456
20.199999999996 316.362969807 -44.2565468462542 32.6404638180489 4.32621652038299 1 -1.63629698069999 4.36033228420543
20.239999999996 314.631948151276 -42.9503248583384 32.6422276166856 4.32640200426136 1 -1.46319481512764 4.22967144981013
20.299999999996 312.133407981019 -40.9903020075711 32.6466820911149 4.32686427197905 1 -1.21334079810185 4.03363133410023
20.339999999996 310.533059776877 -39.68305379002 32.6536397738953 4.32757875447579 1 -1.05330597768771 3.90291102018715
20.3999999999959 308.230596943409 -37.7217240349061 32.660161373218 4.32825106830638 1 -0.823059694340918 3.70681514413516
20.4399999999959 306.761002332554 -36.4136595737432 32.6663516406092 4.32888689368334 1 -0.67610023325542 3.57596938362405
20.4999999999959 304.65473159682 -34.4512595396027 32.6758356410791 4.32986053563106 1 -0.465473159682006 3.37970888026598
20.5399999999959 303.31598411873 -33.1423679408147 32.6834666646647 4.33064278387814 1 -0.331598411872983 3.24878531529305
20.5999999999959 301.406057941844 -31.1788051648379 32.69437459306 4.33176091172149 1 -0.140605794184376 3.0523664048101
20.6399999999959 300.198271525907 -29.8681723961833 32.7054011692783 4.33288886093654 1 -0.019827152590733 2.92132188383337
20.6999999999959 298.484847110929 -27.9026531201196 32.7191418972019 4.33429511713247 1 0.151515288907103 2.72467474445813
20.7399999999959 297.408127864241 -26.5912944094655 32.7294179906697 4.33534612263687 1 0.259187213575933 2.59354295139168
20.7999999999959 295.891420505475 -24.6235772918503 32.7453860169198 4.33697876907874 1 0.410857949452475 2.39670662726456
20.8399999999959 294.945908323978 -23.3107026504364 32.7574112408899 4.33820764127627 1 0.505409167602193 2.26545261552694
20.8999999999958 293.626121581998 -21.3402596716829 32.7775182741893 4.34026154849272 1 0.637387841800228 2.06831604712051
20.9399999999958 292.811981495004 -20.0263347434016 32.7901008546249 4.34154681090623 1 0.718801850499585 1.9368926689029
20.9999999999958 291.689352720394 -18.0533072482276 32.8137618577952 4.34396235404858 1 0.83106472796062 1.73953764961083
21.0399999999958 291.006745846709 -16.7374243702762 32.8268870323479 4.34530247440499 1 0.899325415329076 1.60790759643777
21.0999999999958 290.08157131169 -14.7616808350362 32.8524471988244 4.34791094856956 1 0.991842868831009 1.41026468790041
21.1399999999958 289.530696470989 -13.4435310820477 32.869424091342 4.34964327713782 1 1.04693035290111 1.27845142690896
21.1999999999958 288.803259883192 -11.4653596078421 32.8955596327374 4.35230974263097 1 1.11967401168076 1.08050902264745
21.2399999999958 288.384286850109 -10.1452292209643 32.9136986402877 4.35416008652459 1 1.16157131498912 0.948474025384053
21.2999999999958 287.854914359399 -8.16332206027978 32.9423587099884 4.35708323707413 1 1.21450856406009 0.750219689378187
21.3399999999958 287.568080069148 -6.84106421524331 32.9631908581327 4.35920766680628 1 1.2431919930852 0.617894129700072
21.3999999999957 287.237106481218 -4.85520564991249 32.9952681716795 4.36247849974449 1 1.27628935187822 0.419303409683131
21.4399999999957 287.082677746075 -3.53080048828508 33.0165736704735 4.36465074275106 1 1.29173222539248 0.286782465914942
21.4999999999957 286.950454344158 -1.54143504984266 33.0506283199407 4.36812247228068 1 1.30495456558419 0.0877789768883275
21.5399999999957 286.928659860161 -0.213876245851111 33.0741508472608 4.37052026847922 1 1.30713401398389 -0.045035743518757
21.5999999999957 286.995618486777 1.77943238469014 33.1119935701726 4.37437748131502 1 1.30043815132231 -0.244395898899897
21.6399999999957 287.106725066202 3.10928029834851 33.1362873060783 4.37685344979149 1 1.28932749337982 -0.377475695852354
21.6999999999957 287.373226075084 5.10649965757186 33.1745677563469 4.38075461663195 0.97980849331989 1.26267739249161 -0.577276496531826
21.7399999999957 287.617504856782 6.43928036431853 33.2008748863578 4.38343537959201 0.821954023041725 1.2382495143218 -0.710618436478836
21.7999999999957 288.082913260325 8.40554216920754 33.1518829934596 4.37843963295641 0.578579657227703 1.19170867396751 -0.891983574743688
21.8399999999957 288.450019843294 9.43337712883843 32.4104574847804 4.30285979947686 0.438962376742783 1.15499801567057 -0.994761254337229
21.8999999999956 289.065192119568 10.5559291898924 30.2434240658204 4.08195724768708 0.265068831061783 1.09348078804323 -1.07400177147272
21.9399999999956 289.498512506601 10.9237792519488 27.8441521829549 3.83738168513346 0.184884579959777 1.05014874933986 -1.11072724255128
21.9999999999956 290.167040197179 11.1746091980898 23.4879554418321 3.39332270504813 0.0928921341184321 0.983295980282128 -1.11390435762737
22.0399999999956 290.611924278666 11.103297213347 19.9850556603579 3.036246837413 0.0555050353051973 0.938807572133374 -1.10676204246879
22.0999999999956 291.26913902245 10.8375616807957 14.3276684705751 2.45954872974818 0.0163353066018896 0.873086097755004 -1.06898659159296
22.1399999999956 291.693825896364 10.5424452477911 10.2579257568652 2.04469078087476 0.00336746973830676 0.830617410363629 -1.03950409049608
22.1999999999956 292.306718452019 10.0325922632664 4.06763938119996 1.41367074709079 0 0.769328154798131 -0.984006507839432
22.2399999999956 292.696512757335 9.64764233947191 0.535684632659744 1.05363256872095 0 0.730348724266514 -0.945523108618576
22.2999999999956 293.252173637156 9.0647415033495 3.72795720787943 0.619009768072351 0 0.674782636284363 -0.886935308714654
22.3399999999956 293.603075695923 8.67408671040943 5.62421897870416 0.425709781557329 0 0.63969243040774 -0.847882786361667
22.3999999999955 294.100154780201 8.08834570521861 7.71564603864616 0.212514875301832 0.00812658061730023 0.589984521979932 -0.789312350964599
22.4399999999955 294.412012128858 7.69791043351674 8.51345412048667 0.13118798300937 0.0159824390759012 0.55879878711421 -0.750274041392149
22.4999999999955 294.850936932024 7.12636819403059 9.27797065553031 0.0532544937419556 0.0292391175416657 0.514906306797639 -0.694499949220592
22.5399999999955 295.125142133562 6.76365209625777 9.44696962263528 0.0360263580023246 0.0380861669972144 0.487485786643811 -0.658231334104089
22.5999999999955 295.509954360197 6.24261927235598 9.47491915132056 0.0331761011057149 0.0516987520151864 0.44900456398027 -0.608028228506188
22.6399999999955 295.749977797153 5.91826824702879 9.32342190659042 0.0486183408547664 0.0601244302299713 0.425002220284659 -0.575577570043312
22.6999999999955 296.086370288976 5.45527480029544 9.02365333540533 0.0791744241417764 0.0727704557974831 0.391362971102353 -0.531196949288201
22.7599999999955 296.396572131896 5.02607127097582 8.63187783697492 0.11910950371795 0.0846545253198929 0.360342786810361 -0.489364658833414
22.8199999999955 296.682314606034 4.62958051979713 8.15884372232739 0.167328111119865 0.095710681491588 0.33176853939658 -0.450772005394697
22.8799999999954 296.945527393254 4.26389494305755 7.62657517932236 0.221585088299231 0.105936854521384 0.305447260674555 -0.415125282992931
22.9199999999954 297.10938285233 4.03909536229349 7.26474652987829 0.258468139837602 0.112016187294551 0.289061714767013 -0.392696714521658
22.9599999999954 297.264430698589 3.82346601121922 6.89710454011192 0.295943893055181 0.11805782784167 0.273556930141058 -0.372020944961896
23.0199999999954 297.481801403337 3.52367937912885 6.39149342306053 0.347483558193968 0.126272936871122 0.251819859666284 -0.343096859352103
23.0799999999954 297.682136443793 3.24515375597495 5.90074195693266 0.397508519980013 0.134064108564096 0.231786355620716 -0.315907946997493
23.1399999999954 297.86660359893 2.98782587251515 5.45259068807316 0.443190995435085 0.141320650542311 0.213339640107006 -0.290847438808429
23.1999999999954 298.036455951631 2.7510934106344 5.02580611904994 0.486695494898638 0.147977535265347 0.196354404836893 -0.267787173443324
23.2399999999954 298.142152800458 2.60521309957541 4.75625349757222 0.514172549455761 0.151974461324173 0.185784719954245 -0.253278323759258
23.2799999999954 298.242165463045 2.46561434420768 4.49568723339407 0.540733447183617 0.155910701540393 0.175783453695476 -0.239836433743005
23.3399999999954 298.382335562375 2.27184161887075 4.13779953380375 0.577214922212957 0.161236303678421 0.161766443762463 -0.221148625972701
23.3999999999953 298.511479916633 2.09143149716977 3.82583348732861 0.609015328129374 0.166327325590835 0.148852008336689 -0.203609667285639
23.4599999999953 298.630385977682 1.92514569695521 3.53125564578065 0.63904325974509 0.171028651269009 0.136961402231827 -0.187415866772804
23.4999999999953 298.704373021144 1.8231871278964 3.33971650566442 0.658567911775342 0.173800903856046 0.129562697885558 -0.17724378804009
23.5399999999953 298.774364714278 1.72533692183785 3.15620809203154 0.677273957529655 0.176561168008419 0.122563528572209 -0.167878365855631
23.5999999999953 298.872476694756 1.58955563861053 2.90383033795616 0.703000251046064 0.180289015215637 0.112752330524381 -0.154735396413751
23.6599999999953 298.962876935839 1.46357444938614 2.67300751428826 0.72652924989792 0.183807339896046 0.103712306416128 -0.142460761123623
23.7199999999953 299.046081751469 1.3472946504841 2.46908409106673 0.747316282231232 0.187074311673017 0.0953918248531409 -0.131178384748817
23.7599999999953 299.097882149857 1.2757631890002 2.33929338363785 0.760546588582335 0.189020104125557 0.0902117850142531 -0.123991753991129
23.7999999999953 299.146863632486 1.2069921755817 2.2110838369646 0.773615680704704 0.190971248594639 0.0853136367513798 -0.117442700737828
23.8599999999953 299.215517309727 1.1121363183301 2.03250911098853 0.79181881278488 0.19354922758392 0.0784482690272853 -0.108248580518124
23.9199999999952 299.278761850786 1.02388805309722 1.87136018915719 0.808245608397608 0.196006920649937 0.0721238149213605 -0.099671619756792
23.9799999999952 299.33699489315 0.942460352455697 1.7290940974828 0.822747551612614 0.198283177754042 0.0663005106849596 -0.091762087606233
24.0399999999952 299.390606251778 0.867495500863868 1.59550772133722 0.836364745092461 0.200374822973071 0.0609393748221919 -0.0844488318490065
24.0999999999952 299.439951120527 0.798205879585993 1.46964140061416 0.849195003297517 0.202325133475234 0.056004887947347 -0.0777340773725882
24.1599999999952 299.485376870842 0.735102359605506 1.35163772364104 0.8612237931718 0.20404831249767 0.0514623129158281 -0.0715781708022291
24.2199999999952 299.527213562978 0.676978153896741 1.24360761420784 0.872235881746863 0.205632080467637 0.0472786437021568 -0.0658804699507669
24.2799999999952 299.565740159014 0.62334487542708 1.14783774325624 0.881998224513899 0.207097428316417 0.043425984098576 -0.0606546017577699
24.3399999999952 299.601219143136 0.573545835403692 1.05791145461105 0.891164924006456 0.208483749713844 0.0398780856863596 -0.0558525867649024
24.3799999999952 299.623294841964 0.543457985928725 0.997491308399059 0.897323871249623 0.209254411773801 0.0376705158036202 -0.0528315188476668
24.4199999999951 299.644189362414 0.514212656016724 0.946017194550592 0.902570910126355 0.21005873357314 0.0355810637585819 -0.0500599621434461
24.4799999999951 299.673489067936 0.473824580054043 0.869146727800866 0.91040677844749 0.211121191421836 0.0326510932063684 -0.0461460472307792
24.5399999999951 299.700482259039 0.436365612166014 0.799902341450487 0.917465219874728 0.212121197550294 0.0299517740961164 -0.0425168370977247
24.5999999999951 299.725359098869 0.40196214150248 0.736027631366726 0.923976311116614 0.213027109727652 0.0274640901130624 -0.0391071325212096
24.6399999999951 299.740831915406 0.380440500813265 0.69589596959228 0.92806716441976 0.213600717361463 0.0259168084594421 -0.0369636007945474
24.6799999999951 299.755470924778 0.360303928272614 0.657587735109816 0.931972124732759 0.214119081713884 0.024452907522209 -0.035000945939322
24.7399999999951 299.775992476032 0.332072910446655 0.603667848399137 0.937468498110709 0.214842775527342 0.0224007523967884 -0.0323079575804343
24.7999999999951 299.794910077122 0.30537839696899 0.557327352994136 0.94219222150341 0.215573090268816 0.020508992287796 -0.0297303345007563
24.8599999999951 299.812316438649 0.280932161350208 0.515803048689708 0.946425028226801 0.216229570263233 0.018768356135115 -0.0273573138540357
24.899999999995 299.823150260374 0.266264013619391 0.487976716452174 0.949261532494608 0.216581239907765 0.017684973962605 -0.0258820786346774
24.939999999995 299.83341275854 0.251807439848179 0.461381050010979 0.951972581645912 0.216968808540591 0.0166587241459638 -0.0244743036494995
24.999999999995 299.847767596249 0.231911498311092 0.42511197784044 0.955669661612303 0.217475040496826 0.0152232403750531 -0.0225895912739503
25.059999999995 299.861013575923 0.213146607074421 0.391209018876861 0.959125594017048 0.217978997478046 0.0138986424077302 -0.0207450866691602
25.119999999995 299.873197052162 0.196439604265677 0.361967031515075 0.962106381439022 0.218383285819253 0.0126802947837859 -0.0190926532148623
25.159999999995 299.880771875265 0.18568520205875 0.34347130778893 0.963991743879887 0.218669157483838 0.0119228124734946 -0.0180688965863837
25.199999999995 299.887940405519 0.176148846351097 0.323059637909543 0.96607246236322 0.218873825478891 0.0112059594481252 -0.0171396375106355
25.259999999995 299.898003618931 0.162043081732165 0.297209545728634 0.96870761983222 0.219229768950397 0.0101996381068602 -0.0157950575389066
25.319999999995 299.907279379317 0.149245459602653 0.273924114317094 0.971081120728182 0.219533642661043 0.00927206206833944 -0.0145256518630376
25.379999999995 299.915810130071 0.137099213265955 0.253263915611013 0.973187131980554 0.219846777115138 0.00841898699291051 -0.0133668756240326
25.4399999999949 299.923672104022 0.12651283254884 0.233066633522075 0.975245904379381 0.220070754173237 0.00763278959784657 -0.0123154759104807
25.4799999999949 299.928567907307 0.119746605034351 0.219246023630855 0.976654716373301 0.220225475927248 0.0071432092692703 -0.0116413114426038
25.5199999999949 299.93320122594 0.113141549420163 0.208230748868125 0.977777587889321 0.220390267549478 0.00667987740598619 -0.0110090834449807
25.5599999999949 299.937593282084 0.106887193906076 0.19698069342163 0.978924375746922 0.22054410810772 0.00624067179160193 -0.0103923112150639
25.6199999999949 299.943720063544 0.09855814675457 0.18208398276196 0.98044316266057 0.220715692427058 0.00562799364561215 -0.00959936162488049
25.6799999999949 299.949385541608 0.0906219846295215 0.168307096804382 0.981847226132598 0.220894091111055 0.00506144583923742 -0.00880458229916172
25.7199999999949 299.952897434821 0.0859017852488932 0.158344688943812 0.982862740281848 0.220982463650728 0.00471025651786476 -0.00835010033334101
25.7799999999949 299.957830469357 0.0791373631520429 0.144890274554416 0.984234239031189 0.221116884147253 0.00421695306431502 -0.00770007808867348
25.8399999999949 299.962387088337 0.0724309633178564 0.135190222595102 0.985223006199762 0.221283116492036 0.00376129116630182 -0.00704534834438704
25.8999999999948 299.96657120192 0.0668418959369177 0.12391350986437 0.986372495755001 0.221374804754864 0.0033428798080422 -0.00648252498836826
25.9599999999948 299.970416598837 0.061530607943439 0.113377016291536 0.987446548452137 0.221472593164234 0.00295834011631086 -0.00599141114390847
26.0199999999948 299.973965723417 0.0565328197892967 0.105048941353981 0.988295481849134 0.221568631342427 0.0026034276583232 -0.0054681849602872
26.0799999999948 299.977227229974 0.051719320912369 0.0972422007100055 0.989091257735912 0.221674974914158 0.00227727700257674 -0.005052470177354
26.1399999999948 299.980238818447 0.0477842424705273 0.0892786040679855 0.989903150842131 0.221718434381758 0.00197611815528944 -0.00463495617906915
26.1799999999948 299.9821129716 0.044922015109492 0.0855237936497671 0.990285766636414 0.221784666469594 0.00178870283998549 -0.00437171899249478
26.2199999999948 299.983881015447 0.0425186823015906 0.080466418904248 0.990801382485564 0.221815606287872 0.00161189845530316 -0.00415808282441503
26.2799999999948 299.986367634498 0.0391941661165163 0.0739702455569981 0.991463706346554 0.221850485389394 0.00136323655024171 -0.00383423394698355
26.3399999999948 299.988664089353 0.0363238235921273 0.0662653772429639 0.992250219902632 0.221858949808293 0.00113359106471762 -0.00352214240037796
26.3999999999947 299.990778202657 0.0336512440056822 0.0612032382614826 0.992765154425684 0.221865878466417 0.00092217973433435 -0.00325826270851763
26.4599999999947 299.992723374045 0.0305005247802654 0.0569482360801925 0.993198862140004 0.221937508915224 0.000727662595454604 -0.00296898103439673
26.4999999999947 299.993932659738 0.0286995371130132 0.0545547361456696 0.993443273151648 0.221964076298793 0.000606734026223421 -0.00281118431727378
26.5399999999947 299.99507827952 0.0271616291948931 0.0515436151853304 0.993749725837157 0.221970688553555 0.000492172047961503 -0.00264531165888826
26.5799999999947 299.996156322886 0.0257040090189662 0.0480314202028845 0.994107675433095 0.221976015930912 0.000384367711376399 -0.00250106643385379
26.6399999999947 299.997665322619 0.0236795458999097 0.0447391451855952 0.994443226129828 0.221978590366144 0.0002334677381441 -0.0023125214780535
26.6799999999947 299.998612122959 0.0221247331434 0.042658996139531 0.99465521408022 0.222006775054766 0.000138787704054266 -0.0021669311347793
26.7399999999947 299.999943524948 0.0205592417825926 0.0394135724786005 0.994987746596422 0.221981238545263 5.64750516787171E-06 -0.00197901167116754
26.7799999999947 300.000759082846 0.0193594870608109 0.0366250731193306 0.995270352423549 0.2219870416747 -7.59082846343517E-05 -0.0018829303591076
26.8199999999947 300.001540852129 0.0182094503254291 0.0359293627196393 0.995342326458837 0.221991218038977 -0.000154085212852806 -0.00179050948606374
26.8799999999947 300.002643557149 0.0167458890456231 0.0323549158369161 0.99570655599968 0.221978371967462 -0.000264355714898557 -0.00162458817636661
26.9399999999946 300.003657462657 0.0152050439403268 0.0298831913732767 0.995958166522849 0.221982120484838 -0.000365746265742928 -0.00146087705065696
26.9799999999946 300.004274200415 0.0144189908914996 0.0281990220804961 0.996129306618375 0.221966435463926 -0.000427420041523874 -0.00140000393068789
27.0199999999946 300.00488228281 0.0138096243518788 0.0254183304847715 0.996412668393583 0.22193393358351 -0.000488228281028569 -0.00130166812887467
27.0799999999946 300.00570993498 0.0124231170480869 0.0242404290879267 0.996532817563955 0.221940867335275 -0.00057099349796772 -0.00118266034644421
27.1399999999946 300.006461354787 0.0113303998456331 0.0230706546412901 0.996653301191938 0.221926079126537 -0.000646135478746146 -0.00110676545900645
27.1999999999946 300.007157764048 0.0101942920711622 0.0215768657073075 0.996804628782008 0.221921117284836 -0.000715776404831558 -0.00101090487883369
27.2399999999946 300.00760081457 0.00961699001925354 0.0207073140996707 0.99689303367812 0.221901925890795 -0.000760081456974149 -0.000924991229719296
27.2799999999946 300.008010076941 0.00922279256292313 0.018797147335732 0.997087988078839 0.221867802852214 -0.000801007694099098 -0.000890662702195755
27.3399999999946 300.008596464177 0.00855728995338723 0.0166200836258833 0.99731106198034 0.221826796441396 -0.000859646417666227 -0.000820250971663938
27.3999999999945 300.009127840982 0.00748282324441618 0.0162814563227006 0.997344324017201 0.221832181187604 -0.000912784098181874 -0.000730267726918044
27.4599999999945 300.009616773808 0.00683699698032569 0.0150763367157533 0.997466937046316 0.221798966332396 -0.0009616773808375 -0.000663989462385928
27.4999999999945 300.009928580374 0.0067344800072533 0.0127160587479839 0.997707494813131 0.22174543457388 -0.000992858037352562 -0.000643849627257964
27.5399999999945 300.01022782037 0.00618498642117515 0.01285166401872 0.99769391319366 0.221737870878354 -0.00102278203703463 -0.000606080445813006
27.5999999999945 300.010640519438 0.00553514492727913 0.0116378877046452 0.997817833523408 0.221712694666841 -0.00106405194383115 -0.000549781473544897
27.6599999999945 300.011019429774 0.00501341064926919 0.0105845688863917 0.997925540413465 0.221678100351822 -0.00110194297740236 -0.000477369571517272
27.6999999999945 300.011242436827 0.00461443005946194 0.0107208603699109 0.997911346904881 0.221663108651037 -0.00112424368271604 -0.000476198190733612
27.7399999999945 300.011478010216 0.00458189484822924 0.00992868784671822 0.997992080172641 0.221610229523702 -0.00114780102157965 -0.000433466040982466
27.7999999999945 300.011789342621 0.00402877747468722 0.00863094823652265 0.998124941225117 0.221585545056109 -0.00117893426213413 -0.000387475294893136
27.8599999999945 300.012079452863 0.0038819404244208 0.00739987684014819 0.998252104801276 0.221522368517437 -0.00120794528629631 -0.000339773751488792
27.9199999999944 300.012348340242 0.00332952960977195 0.00775937721996362 0.998212878806411 0.221501871641444 -0.00123483402421698 -0.000291140020753744
27.9599999999944 300.012495113886 0.00277409726098199 0.00820804972944333 0.998167582074022 0.221510189692062 -0.00124951138859615 -0.000301661101931927
27.9999999999944 300.012654453749 0.00289074118504118 0.0065979050702411 0.998331267247179 0.221450029748629 -0.00126544537488371 -0.000277181053395736
28.0599999999944 300.012868329883 0.00230230870128878 0.00680049523805429 0.998314271170659 0.221438663653802 -0.00128683298826218 -0.000259671010336149
28.1199999999944 300.013060983852 0.00203216338992718 0.00681520411842252 0.998309499226786 0.221397551081643 -0.00130609838524833 -0.000210662299933517
28.1799999999944 300.013244981761 0.00198701497302523 0.00514188423319923 0.998483162338949 0.221334858156258 -0.00132449817610905 -0.000211005667067354
28.2199999999944 300.013370531728 0.001840637727895 0.00518564501660781 0.998486795618164 0.221304393070079 -0.00133705317275599 -0.000191538516833134
28.2599999999944 300.013487426564 0.00174084067334945 0.00543442683508749 0.998459530909078 0.221270162967542 -0.00134874265640974 -0.000160331434014438
28.3199999999944 300.013633723487 0.00127472595417544 0.00512371917480755 0.998481516288446 0.221253364260648 -0.00136337234871462 -0.000118626250907994
28.3799999999944 300.013771364698 0.0010521406454842 0.00489938898096251 0.998504536757557 0.221213078183907 -0.00137713646981865 -9.91681377499276E-05
28.4399999999943 300.013896438642 0.00115910251260232 0.00320124371959507 0.998678296409945 0.221141094116267 -0.0013896438642405 -0.000110493739317974
28.4799999999943 300.013988199062 0.00106496628809793 0.00381980060974266 0.998614814303494 0.221108825117303 -0.00139881990617141 -9.17589426634891E-05
28.5199999999943 300.014071303536 0.00112502052768093 0.0022579890323638 0.998773987299705 0.221062016411268 -0.00140713035361841 -9.49959846010984E-05
28.5799999999943 300.014187721303 0.000869249310937903 0.00284267842908771 0.998720313488249 0.221027198759489 -0.00141877213027328 -5.50267601525434E-05
28.6399999999943 300.014282916323 0.000387578552292212 0.00381804185823204 0.998615816038186 0.221017120826208 -0.00142829163232818 -5.76306043484465E-05
28.6799999999943 300.014340886846 0.000138456117824148 0.00372187735829922 0.998631860266579 0.221003756927589 -0.00143408868461847 -8.77763655608987E-06
28.7199999999943 300.01439020189 4.67276524744875E-05 0.00305724307581475 0.998692219451627 0.220975519179975 -0.00143902018899098 -1.42071384061637E-06
28.7799999999943 300.014464173932 -1.4588207548627E-05 0.00265465209464512 0.998733315642557 0.220925528054715 -0.00144641739316285 3.53989730115245E-06
28.8399999999943 300.01452557859 0.000211655054130233 0.00235646841184948 0.998763712428892 0.220848051500462 -0.00145255785901099 -1.89563599818143E-05
28.8799999999943 300.014574892819 0.000181622231337997 0.00219666404069305 0.99878004792895 0.220813658014938 -0.00145748928189278 -1.89843961877045E-05
28.9199999999942 300.014624206582 0.000140047566986823 0.00252382282473577 0.99875415075871 0.220780418760135 -0.00146242065820843 -1.03276897348792E-05
28.9599999999942 300.014673520345 4.847888200743E-05 0.00199796526961601 0.998800375455222 0.22075219265225 -0.00146735203452408 -1.28804989572018E-06
28.9999999999942 300.014722833526 -3.77560308351121E-05 0.00153236365137997 0.998855309070964 0.220723446970212 -0.00147228335263208 7.42284532009307E-06
29.0399999999942 300.014772146707 -0.000121287082066601 0.00148979226109555 0.998875482956646 0.220694417157159 -0.00147721467074007 1.08203062509915E-05
29.0999999999942 300.014812327456 -0.000324578872877623 0.0012407981075715 0.998900078182091 0.220662071478586 -0.00148123274557292 3.67747802272334E-05
29.1399999999942 300.014836506569 -0.000217863517391947 0.000683850861485115 0.998946020664143 0.220616557921368 -0.00148365065688267 1.04209859628668E-05
29.1999999999942 300.014885341167 -0.000380128406050062 0.00104887905794787 0.998917313502602 0.220579257912497 -0.00148853411665186 5.36732372452775E-05
29.2399999999942 300.014900864102 -0.000651715709906853 0.00218798632712646 0.998785141206406 0.22057244023898 -0.00149008641019464 4.54208424770286E-05
29.2999999999942 300.01492847607 -0.000706002209142298 0.0022689886029606 0.998776866041643 0.220526478398979 -0.00149284760700539 5.0803900357721E-05
29.3399999999942 300.014952653903 -0.000617988323952545 0.00187265404872316 0.998821357461609 0.220482848861701 -0.00149526539025828 6.86520334880925E-05
29.3999999999942 300.014980265056 -0.000591094608296316 0.00148895804309412 0.998864153307039 0.220428782826556 -0.00149802650557831 6.96008020725003E-05
29.4399999999941 300.014995787176 -0.000488573103552881 0.00132213740865221 0.998911571562283 0.220384568098523 -0.00149957871763036 5.92345861036847E-05
29.4999999999941 300.015023397515 -0.000496764815352435 0.000443706273622309 0.998961286265612 0.220334038177322 -0.00150233975145966 6.48004331011975E-05
29.5399999999941 300.015038919169 -0.000757686922412404 0.00140084018775594 0.998867596632012 0.220326195346744 -0.00150389191694558 5.48510024245275E-05
29.5999999999941 300.015066528576 -0.000810163496495875 0.0012589418922502 0.998895576084264 0.220280107749757 -0.00150665285764262 6.099428885733E-05
29.6399999999941 300.0150820493 -0.000801975472143113 0.000369063754935511 0.998966871817482 0.22024535399917 -0.00150820492999628 5.88961751219586E-05
29.6999999999941 300.015109657543 -0.000589421588273353 0.000635693617727502 0.999034873813874 0.220172777217657 -0.001510965754278 8.063240009335E-05
29.7399999999941 300.015125177801 -0.000718696303906086 0.000259754645666263 0.998979499610673 0.220151783532489 -0.00151251778006554 6.6930668998566E-05
29.7999999999941 300.015144129982 -0.000837205689165899 0.000661063177963246 0.998942443515141 0.220113206173722 -0.00151441299822181 6.57455096103377E-05
29.8399999999941 300.015159649192 -0.000870700646231626 0.00116754628153339 0.998907783530919 0.220082648362324 -0.00151596491923556 6.60531870451564E-05
29.8999999999941 300.015178600443 -0.000759835377238005 0.000699963126490417 0.998938120480929 0.220021147376119 -0.00151786004425958 6.84569506077537E-05
29.939999999994 300.015194119303 -0.000883458771468781 0.000346159930588805 0.998973108722756 0.219999616188216 -0.00151941193034872 7.61542284138272E-05
29.999999999994 300.015213069972 -0.000902839510231956 0.000281777593013105 0.998981542592438 0.219951153605848 -0.00152130699716508 8.06300205240973E-05
