0.0200000000000031 76.8238015996758 -0.00102603176318894 6.42233250683256E-05 0.999743620742765 0.480602375905128 0.231761984003242 -0.00120978937812879
0.0600000000000094 76.8406468192115 0.715940429232106 1.79266361026422 1.18246097708218 0.473116277540168 0.231593531807885 -0.012991850555146
0.120000000000019 76.9295143595664 1.66140841193914 4.15688159001033 1.42342646427555 0.462666269072964 0.230704856404336 -0.0183908832079167
0.180000000000028 77.0506196448114 2.19552946244931 5.49270941604122 1.55956788410548 0.456008987254551 0.229493803551886 -0.0236569967384749
0.240000000000038 77.2028441498987 2.70615606655241 6.76953850295044 1.6897142447067 0.449277275888707 0.227971558501013 -0.0287121954608688
0.280000000000044 77.3210410160245 3.03630917033009 7.59504642646774 1.7738608637168 0.44472549096898 0.226789589839755 -0.0320146074009099
0.32000000000005 77.4523431601701 3.36134854253733 8.40771818909422 1.85670120160564 0.440094719599553 0.225476568398299 -0.0352126978600847
0.380000000000059 77.673070184188 3.8340462383054 9.58954418521565 1.97717450108149 0.433060626421583 0.22326929815812 -0.0398685168560397
0.420000000000066 77.8356454254827 4.13968929877333 10.3536869718399 2.05507140784704 0.428312242347116 0.221643545745173 -0.0429255921420309
0.460000000000072 78.0103391219163 4.43994080687912 9.31167008463631 1.94885792359724 0.423497529004201 0.219896608780837 -0.0458733176578477
0.520000000000081 78.2942652921192 4.8747473711814 8.03437798947601 1.81868356063883 0.416213562309507 0.217057347078808 -0.0501470078072001
0.580000000000091 78.6036101323552 5.29471520445649 7.74852413685032 1.78956943665536 0.408824885903971 0.213963898676448 -0.0542903958583582
0.620000000000097 78.8234995459206 5.56336966029916 7.56906805213323 1.77128539327746 0.403876364924978 0.211765004540794 -0.0569774295562738
0.660000000000103 79.0540215449873 5.82631578363589 7.38798705904972 1.75283354506148 0.398879663832908 0.209459784550127 -0.0595489413562764
0.700000000000109 79.294752164511 6.07961427407785 7.1955296216522 1.73322002462724 0.393877933405919 0.20705247835489 -0.0620436127245557
0.760000000000119 79.6743240827927 6.44603620616346 6.92103766307775 1.70524325207272 0.386327269331913 0.203256759172073 -0.0656295761370845
0.820000000000128 80.0751794452081 6.79689094203009 6.64302430025069 1.67690416675565 0.378720560681609 0.19924820554792 -0.0690793838739414
0.880000000000138 80.4963799173711 7.13009350776836 6.35692973432126 1.64773885157277 0.37108845552424 0.195036200826289 -0.0723517956200111
0.920000000000144 80.7879296152387 7.34029081550285 6.16390122429557 1.62806006602161 0.366012999883498 0.192120703847613 -0.0744544175983296
0.96000000000015 81.0877703040605 7.54456844517955 5.97475227841837 1.60877632304188 0.360914849097361 0.189122296959395 -0.07643724781418
1.02000000000016 81.5521646107081 7.83405699828506 5.67682237869949 1.57840218103836 0.353291975154703 0.184478353892919 -0.0792524230601681
1.06000000000017 81.8710385805462 8.01643949664418 5.47543704888274 1.55787088633348 0.348223832621218 0.181289614194538 -0.0810764484468423
1.10000000000017 82.1970900000306 8.19287228617858 5.28329374633082 1.53828181566695 0.34314449762134 0.178029099999694 -0.0827806927942999
1.16000000000018 82.6987083465792 8.44054253509576 4.98643683306618 1.50801777120564 0.335571281120805 0.173012916534208 -0.0851776307481212
1.22000000000019 83.2144725653343 8.67232413955414 4.68876400295553 1.4776712853428 0.328016688408685 0.167855274346657 -0.0874364603554636
1.2600000000002 83.5656848202925 8.81492858555249 4.49003029381977 1.4574115772993 0.323026459286449 0.164343151797075 -0.0888624784733176
1.3000000000002 83.9224835776258 8.9516352939953 4.29131782454779 1.43715433109655 0.318040427459269 0.160775164223742 -0.0901702196564742
1.36000000000021 84.4672527563525 9.13991314384921 3.98852719927626 1.4062876577194 0.310634903352497 0.155327472436475 -0.0919741539441435
1.42000000000022 85.0226125454064 9.31254883212219 3.6963768277913 1.37650600701459 0.303281135422026 0.149773874545936 -0.0936422468498981
1.46000000000023 85.3982570712687 9.41595984397955 3.49893339127141 1.35637894024614 0.298442023003032 0.146017429287313 -0.0946768499867331
1.50000000000023 85.7779236949282 9.51360541771687 3.30194970721718 1.33629882759898 0.293621428896468 0.142220763050718 -0.0955948919203895
1.56000000000024 86.3540812894935 9.64371175158651 3.0080170128882 1.30633592972094 0.286489018538483 0.136459187105065 -0.0968199959574014
1.60000000000025 86.7421684962465 9.72031588456758 2.81326012954585 1.28648276566062 0.281795979114174 0.132578315037536 -0.0975867350644083
1.64000000000026 87.13320914004 9.7913351770933 2.61928851963883 1.26670964834979 0.277130305507267 0.1286679085996 -0.0982401906469693
1.70000000000027 87.724450895912 9.88199451581266 2.32594582211592 1.23680662115954 0.270245045405921 0.12275549104088 -0.0990728903098014
1.74000000000027 88.1212889383314 9.93257999327648 2.13532055297784 1.21737434715024 0.265727104210003 0.118787110616686 -0.09957890136133
1.78000000000028 88.5200419392204 9.97777502891664 1.95092847964733 1.19857736252805 0.261244936459319 0.114799580607796 -0.0999762526555087
1.84000000000029 89.1209406850394 10.0302915156251 1.66518785169791 1.16944858933217 0.25464801816119 0.108790593149606 -0.100430579861218
1.88000000000029 89.5229582936736 10.0557651352379 1.4702175188907 1.14957290606647 0.250331703661114 0.104770417063264 -0.100686113077812
1.9200000000003 89.9258941288572 10.0761683351122 1.29171350293803 1.13137557043903 0.246057885218521 0.100741058711428 -0.100837054478443
1.98000000000031 90.5312271835282 10.0920142979613 1.02505414014087 1.10419099320811 0.239786712664498 0.0946877281647176 -0.10092783704016
2.02000000000032 90.9349933203775 10.093528834392 0.837160027127281 1.08503591767802 0.235694751968947 0.0906500667962246 -0.100943795829025
2.06000000000032 91.338723833207 10.0901189024828 0.665279430566424 1.06751283447909 0.231653327669305 0.0866127616679296 -0.100860258480942
2.12000000000033 91.9434981931699 10.0711294977918 0.409658188387703 1.04145092488755 0.225739307599428 0.0805650180683006 -0.100605471089595
2.18000000000034 92.5465541734593 10.0393505480765 0.154116394008107 1.01538761154608 0.219971463640353 0.074534458265407 -0.100240090380299
2.24000000000035 93.1471391528612 9.99338752540008 0.092563135501624 0.990288965440862 0.214371477173936 0.068528608471388 -0.0997362932659608
2.28000000000036 93.5457278727554 9.95376119503209 0.255122397524747 0.973697487983718 0.210746592177248 0.0645427212724462 -0.099339234659967
2.34000000000037 94.1403675371548 9.88537814365191 0.495874464346347 0.949148329653049 0.205432650932991 0.0585963246284518 -0.0985820020096035
2.38000000000037 94.5341940068174 9.83107307279141 0.65239451672443 0.933190399990452 0.202003604403802 0.0546580599318258 -0.0980393145399249
2.42000000000038 94.9257642055163 9.77256586113202 0.80243931741527 0.917893065636861 0.198639867021409 0.0507423579448368 -0.0974127953137483
2.48000000000039 95.5082555481931 9.67308125604698 1.0323824101546 0.89445037688244 0.193761253961718 0.0449174445180688 -0.0963634252265509
2.52000000000039 95.893015764188 9.59960847497729 1.17881737209583 0.879521362916098 0.190616363205094 0.0410698423581198 -0.0956289598578319
2.5600000000004 96.2747609986691 9.52232016656805 1.318826806507 0.865247513307805 0.187540519131105 0.0372523900133092 -0.0948175128666298
2.62000000000041 96.8411421548808 9.39557774586108 1.53298909597286 0.843414084817607 0.18309821605605 0.031588578451192 -0.0935007647135788
2.68000000000042 97.3994773988379 9.25910501261561 1.73664059667711 0.822652130040043 0.178834494973908 0.0260052260116208 -0.0920999337663656
2.72000000000043 97.7669377656421 9.16094957294628 1.87166255783755 0.808887053010481 0.176111881969873 0.0223306223435793 -0.0911209804390937
2.76000000000043 98.1304112769431 9.05954750458415 1.99662804998677 0.796147020073912 0.173462218080431 0.0186958872305695 -0.0900719157012618
2.82000000000044 98.6676308356691 8.89809458136567 2.18617111906425 0.776823440315267 0.169661996654665 0.0133236916433088 -0.0884146461647882
2.86000000000045 99.0201959562255 8.7846841971871 2.30629340910245 0.764577348632964 0.16724236376434 0.00979804043774493 -0.0872809532524232
2.90000000000045 99.3681673832471 8.66849084038233 2.41962011893966 0.753023867735178 0.164897144925932 0.00631832616752945 -0.0860879659739277
2.96000000000046 99.8810624552425 8.48556814264379 2.59186931777967 0.735463450231894 0.161556980895502 0.001189375447575 -0.084223443736135
3.00000000000047 100.216726052575 8.35884920890548 2.69966356780858 0.724473993560012 0.159440854804881 -0.00216726052574813 -0.0829534447761664
3.04000000000048 100.547261074767 8.22930810297677 2.80190831478562 0.714050324294774 0.157404761874041 -0.00547261074767448 -0.0816332922804709
3.10000000000048 101.033053952735 8.02778868705867 2.95549806529586 0.698392146475466 0.154523502312835 -0.0103305395273492 -0.0795846019954897
3.16000000000049 101.506462771678 7.81974097726109 3.09950197844734 0.683711207833883 0.151831953254595 -0.0150646277167834 -0.0774803822668243
3.2000000000005 101.814995049615 7.67652361327933 3.19022943355146 0.674461650054057 0.150153873814675 -0.0181499504961539 -0.0760494796450585
3.24000000000051 102.117755910964 7.53108156290575 3.27594267278552 0.665723324272547 0.148556170434014 -0.0211775591096375 -0.0745736863016859
3.30000000000052 102.560756876948 7.30727442716197 3.40302545473032 0.652767374083909 0.146328015474657 -0.0256075687694829 -0.0723081475791842
3.34000000000052 102.848507404677 7.15472469713323 3.48138387276594 0.644778772752196 0.144952045933737 -0.0284850740467664 -0.0707823524027997
3.38000000000053 103.130116664805 7.00020502598439 3.55533257110437 0.637239784656482 0.143657614436912 -0.0313011666480452 -0.0692196918010542
3.44000000000054 103.54075006675 6.76369890926351 3.66400667173384 0.626160473766496 0.141881481018135 -0.0354075006674975 -0.0668365569231332
3.50000000000055 103.937015875708 6.52315586923582 3.76156550563428 0.616214310316851 0.140289830065003 -0.0393701587570831 -0.0644157853917785
3.54000000000055 104.193088143016 6.35999552269914 3.82300636160063 0.609950390078357 0.139337994553419 -0.0419308814301621 -0.0627836124423888
3.58000000000056 104.442608034704 6.19551156658578 3.88129995963089 0.604007291387598 0.138465184476887 -0.0444260803470388 -0.0611269797153896
3.64000000000057 104.804419550579 5.94567414855072 3.96350161028673 0.595626700502362 0.137312154745304 -0.0480441955057904 -0.0586131103760853
3.68000000000058 105.037228094297 5.77705374502922 4.01313257554957 0.590566722081235 0.136648182484655 -0.0503722809429746 -0.0569277784008686
3.72000000000058 105.263274240657 5.607515660047 4.05823066699303 0.585968804752012 0.136061270967441 -0.0526327424065676 -0.0552247254641024
3.78000000000059 105.589542644331 5.35107553213666 4.12280665690411 0.579385074381699 0.135330524088258 -0.0558954264433123 -0.0526488058710613
3.8400000000006 105.900330220582 5.09268809375951 4.17750984182182 0.573807776758025 0.134774263547042 -0.0590033022058196 -0.0500600694416087
3.88000000000061 106.098876959179 4.91931897373054 4.21008410481906 0.570486613160808 0.134501160067936 -0.060988769591786 -0.0483258885014475
3.92000000000061 106.290479761083 4.74550638270915 4.24016311618902 0.567419822836106 0.134302008230606 -0.0629047976108268 -0.0465837562435156
3.98000000000062 106.56480558624 4.48376973982691 4.27933718515695 0.563425635354175 0.134144449242001 -0.0656480558624025 -0.0439624400439514
4.04000000000063 106.823392917286 4.22131955288089 4.31086910053919 0.560210534753325 0.134151549009388 -0.0682339291728567 -0.0413375490066679
4.10000000000064 107.066225349787 3.95860410803051 4.33541689348033 0.557707417266889 0.134318966622354 -0.0706622534978669 -0.038710390120867
4.14000000000065 107.21935801208 3.78348786092721 4.34744423729459 0.556480886875787 0.134517956672242 -0.0721935801208019 -0.0369596010789108
4.18000000000065 107.365490156692 3.60861396006007 4.35613642359429 0.555594356381461 0.134784539475514 -0.0736549015669152 -0.0352124124083969
4.24000000000066 107.571593050961 3.34674382011974 4.36484315430891 0.554706152185338 0.135310976385248 -0.0757159305096138 -0.0325974466219526
4.28000000000067 107.700283625396 3.17280752372488 4.36626105860334 0.554561195154597 0.135742654181318 -0.0770028362539597 -0.0308582052007846
4.32000000000068 107.822024958208 2.99920722025152 4.36573031916555 0.55461490231472 0.136240376108024 -0.078220249582082 -0.0291276561990794
4.38000000000068 107.991677589249 2.74035559985066 4.35851778106063 0.555349585239795 0.137101075250302 -0.0799167758924887 -0.0265453770809611
4.44000000000069 108.145860983641 2.48292668035786 4.34596455118567 0.556628717625527 0.138102234056796 -0.0814586098364089 -0.0239797275326015
4.4800000000007 108.24011753907 2.31278285577831 4.33354413800891 0.557894510290148 0.138840189064963 -0.0824011753906961 -0.0222778971527499
4.52000000000071 108.327584088896 2.14353801085176 4.31873484282266 0.559403843705662 0.139637004376982 -0.083275840888964 -0.0205937109081445
4.58000000000072 108.446186387097 1.89198733860978 4.29154886172006 0.562174714991465 0.140934810150003 -0.0844618638709653 -0.0180900652075614
4.62000000000072 108.516929255333 1.72607470969308 4.26985545253553 0.564385847904035 0.141865429391193 -0.085169292553328 -0.0164303517162959
4.66000000000073 108.581053536036 1.56114602278123 4.24647888190594 0.566768576465742 0.142852196106421 -0.0858105353603605 -0.0147921303159802
4.72000000000074 108.664997447166 1.31694085668265 4.20564818525418 0.570930464923891 0.144422732132801 -0.0866499744716566 -0.0123649798720197
4.76000000000074 108.71288842475 1.15609997334944 4.17603637803651 0.573948846100327 0.145530787753675 -0.0871288842475042 -0.0107579829052555
4.80000000000075 108.754379388294 0.99664177493004 4.1447220892803 0.577140799074887 0.146688839670251 -0.0875437938829418 -0.00917545706130184
4.86000000000076 108.8048017642 0.761206848016428 4.0918969918059 0.582525465117793 0.148506280043459 -0.0880480176419951 -0.00684052244066365
4.92000000000077 108.841270646546 0.529512565920299 4.0350458304986 0.588320584085441 0.150425655050556 -0.0884127064654604 -0.00453732216036755
4.96000000000078 108.857947403681 0.378008965435583 3.99405874788027 0.59249863076649 0.15175187130618 -0.0885794740368146 -0.00302245118752253
5.00000000000077 108.868591241189 0.227981098696333 3.95254576265199 0.596730305993442 0.153123377459608 -0.0886859124118928 -0.00153863054765012
5.06000000000076 108.873495005188 0.00753306575778367 3.88401459046362 0.603716151905288 0.155245083535664 -0.0887349500518758 0.000644885470305638
5.10000000000075 108.869517061394 -0.136448101761431 3.83596235087697 0.608614466508087 0.156702091277318 -0.0886951706139371 0.0020845764273335
5.14000000000075 108.85981514107 -0.278743139363101 3.78808501220162 0.613494970533135 0.158199167858007 -0.088598151410697 0.00349056466633641
5.20000000000073 108.834786529653 -0.487244936103139 3.70969898040432 0.621485490591003 0.160499772597426 -0.0883478652965277 0.00555183685083932
5.24000000000073 108.811262253788 -0.623051668066338 3.65613649608131 0.626945564225014 0.162069885076527 -0.088112622537883 0.00690924037826918
5.28000000000072 108.782344165957 -0.757034521051807 3.60269910419041 0.632392906280789 0.163675403567989 -0.087823441659566 0.00822978108893594
5.34000000000071 108.729139102623 -0.952510992795808 3.51559022248642 0.64127269802549 0.166126556640097 -0.0872913910262287 0.0101595405912535
5.3800000000007 108.687273130519 -1.07932958149482 3.45391895730007 0.647559418210282 0.167789485391946 -0.0868727313051932 0.0114276676282456
5.42000000000069 108.640374751179 -1.20420678732945 3.39515680739265 0.653549606912861 0.16948303102369 -0.0864037475117948 0.0126564374208962
5.48000000000068 108.560889336863 -1.38583173495543 3.30334017763285 0.662909377015599 0.172057376702784 -0.085608893368626 0.0144452697594967
5.52000000000067 108.501974229817 -1.50324704621622 3.23695571954793 0.669676600201627 0.173796038990259 -0.0850197422981728 0.0156190610369964
5.56000000000066 108.438404909801 -1.61858044229642 3.17379216171006 0.676115511461951 0.175560081229541 -0.0843840490980074 0.0167524759938394
5.62000000000065 108.334640065092 -1.78564657285666 3.07613944259986 0.686070272608172 0.178230432300135 -0.0833464006509166 0.0183941547871734
5.68000000000064 108.221111286082 -1.94691316962448 2.97467888125673 0.696413230300611 0.180940050891033 -0.0822111128608231 0.0199859820050742
5.72000000000063 108.140176907182 -2.05014230872716 2.90581404726905 0.703433366990512 0.182755926259067 -0.0814017690718174 0.0210170274409022
5.76000000000062 108.055162883946 -2.15106782650986 2.83776667787863 0.710370185979039 0.184589141534698 -0.0805516288394574 0.0220049919329519
5.82000000000061 107.920318968478 -2.29629481359767 2.73020234667157 0.721335409659411 0.187350170522215 -0.0792031896847766 0.0234273598492354
5.8600000000006 107.825722446549 -2.38913800306392 2.65850630490026 0.728644199294144 0.189197900339547 -0.0782572244654875 0.0243554289435986
5.9000000000006 107.727459449321 -2.47967579323402 2.58785439921076 0.735846565775608 0.191058925420373 -0.0772745944932103 0.0252388810153627
5.96000000000058 107.57352882775 -2.60916435575226 2.47644212123533 0.747204093016266 0.193852087227522 -0.0757352882775012 0.0265034629892568
6.00000000000058 107.466731384746 -2.6915260733831 2.4027342722596 0.754718004271325 0.195716208785331 -0.074667313847458 0.0273260463407482
6.04000000000057 107.356690757442 -2.7714565802584 2.3300851271902 0.76212399086493 0.197588007732589 -0.0735669075744227 0.028102617769882
6.10000000000056 107.185894390568 -2.88501426402399 2.2160226124062 0.773751742704176 0.200389206246025 -0.0718589439056814 0.0292080340093369
6.14000000000055 107.068387510488 -2.95660237443971 2.13723149856645 0.781783846732609 0.202251762108709 -0.0706838751048781 0.0299239896460584
6.18000000000054 106.948062796379 -3.02590303608639 2.06349206547116 0.789301016451734 0.204119201394095 -0.0694806279637851 0.0305940079022533
6.24000000000053 106.762639725814 -3.12340079209 1.95164452918647 0.800703024004199 0.206904744966103 -0.0676263972581364 0.0315392365910746
6.30000000000052 106.571635997389 -3.21485911570024 1.83794082646053 0.812294255762334 0.209685224804802 -0.0657163599738851 0.0324301030143727
6.34000000000051 106.441390068154 -3.27126309465905 1.76175725172492 0.820060609429327 0.211522056681276 -0.0644139006815385 0.0329935899097571
6.3800000000005 106.308939478477 -3.32528887022704 1.68733904588726 0.82764700917472 0.213356710718368 -0.0630893947847653 0.0335124157502341
6.44000000000049 106.106461163959 -3.4000134625641 1.57137492558961 0.839468708613284 0.216083110359527 -0.0610646116395947 0.0342295427851465
6.48000000000048 105.969125605538 -3.44583709362996 1.49547048352332 0.847206612789719 0.217884088887985 -0.0596912560553756 0.0346877673671189
6.52000000000047 105.830001801485 -3.48944269276024 1.42158106481927 0.854739150878294 0.219680426229139 -0.058300018014852 0.0351012666561819
6.58000000000046 105.618305325508 -3.54847029292075 1.30640108668885 0.866480947238917 0.222340670653162 -0.0561830532550812 0.0356625123484484
6.62000000000045 105.475341952988 -3.58396244499863 1.23129877790777 0.874137109479257 0.224093737751834 -0.0547534195298795 0.0360166958645748
6.66000000000044 105.331005074666 -3.61716687591131 1.15809099005985 0.881600160063839 0.225837303151685 -0.0533100507466588 0.0363275517160541
6.72000000000043 105.112254328327 -3.660936498612 1.04479864035258 0.893149569648349 0.228414171111631 -0.0511225432832725 0.0367363043528827
6.76000000000042 104.965096859145 -3.68624107482751 0.967188410523632 0.901061403101633 0.230106461901312 -0.0496509685914498 0.0369889021423556
6.80000000000042 104.816970117274 -3.70944487728789 0.895491609854637 0.908370454442816 0.231787028578173 -0.0481697011727374 0.0372000927672769
6.8600000000004 104.593281836365 -3.73834536447036 0.788461096626961 0.919281547616473 0.234263296292815 -0.0459328183636535 0.0374614309535184
6.92000000000039 104.368110954994 -3.76160623329754 0.680392465727308 0.930298490132607 0.236697572883071 -0.0436811095499434 0.0376735503990801
6.96000000000038 104.217342893709 -3.7730762419273 0.609452029586662 0.937530491854467 0.238286378809776 -0.0421734289370943 0.037788351366198
7.00000000000038 104.066155224107 -3.7825486776821 0.540727436503983 0.944536519949733 0.239859039745866 -0.0406615522410721 0.0378622190186292
7.06000000000036 103.838898482383 -3.79107930115539 0.434765783826594 0.955338759103882 0.24216554433619 -0.0383889848238323 0.0379218631726904
7.10000000000036 103.687229754752 -3.79333389815743 0.366091653678952 0.962339647792302 0.243670344999639 -0.0368722975475248 0.0379441341061005
7.14000000000035 103.535510188318 -3.79365061869406 0.300035005842205 0.969073767876758 0.24515596519598 -0.0353551018831786 0.0379284446848048
7.20000000000034 103.308121454786 -3.78874713626414 0.198242123534819 0.979451160495572 0.247328230994002 -0.0330812145478558 0.0378547159013132
7.24000000000033 103.156808076776 -3.78219602451264 0.132562059852933 0.986147042002904 0.248740673782967 -0.0315680807677563 0.037788743106729
7.28000000000032 103.00579249009 -3.77391041728647 0.0694101697614575 0.99258542663561 0.250132439872896 -0.0300579249009024 0.0376872389051313
7.34000000000031 102.780103327823 -3.75624863582897 0.0278124757086672 1.00249283333627 0.25215903590073 -0.0278010332782287 0.0374891003357399
7.3800000000003 102.630335153895 -3.74149030152678 0.0933858907160432 1.00917998106346 0.25347318524785 -0.0263033515389543 0.0373409076983977
7.42000000000029 102.481193854008 -3.72500651435438 0.153059328551553 1.01526369297091 0.254763506989032 -0.0248119385400787 0.0371591454601615
7.48000000000028 102.258909504395 -3.69556985247509 0.241561230713481 1.02428611050748 0.256637216262885 -0.0225890950439498 0.036843212066731
7.54000000000027 102.03858731431 -3.66179019573082 0.329670603052508 1.03326847995124 0.258447541628726 -0.0203858731430955 0.0364898966259774
7.58000000000026 101.892925436143 -3.63617125239269 0.386724368154887 1.03908489751008 0.259611031180178 -0.0189292543614283 0.0362329640186499
7.62000000000025 101.748320058221 -3.60899163080603 0.441218374923775 1.04464036840026 0.26074807224249 -0.01748320058221 0.0359464859728168
7.68000000000024 101.533619959373 -3.56405553704144 0.524655467726906 1.05314640859602 0.262389516733971 -0.0153361995937303 0.0354780768159458
7.72000000000023 101.392072980409 -3.53149554282012 0.577551091077438 1.0585389126142 0.263441815813002 -0.0139207298040856 0.0351521230946295
7.76000000000023 101.251857063267 -3.49762808632293 0.628222681324614 1.06370469308828 0.264467508226287 -0.0125185706326738 0.0347994780297299
7.82000000000021 101.044230800937 -3.44294360544377 0.705175027194625 1.071549659572 0.265939856040381 -0.0104423080093693 0.0342352506212374
7.8800000000002 100.840042806929 -3.38475734919962 0.777048810115852 1.0788769355229 0.267342516188049 -0.00840042806928977 0.0336412161563568
7.94000000000019 100.639495738433 -3.32278770007849 0.847523647339847 1.08606158943778 0.268670594978983 -0.00639495738432743 0.0330102084470536
8.00000000000018 100.442807035521 -3.2572944780906 0.915022074045789 1.09294282437132 0.269924533714789 -0.00442807035520673 0.0323438373532966
8.04000000000017 100.313931287965 -3.2114483130062 0.958017922048035 1.0973261127719 0.270716008277496 -0.00313931287964806 0.0318847288713369
8.08000000000016 100.186914067133 -3.1644449401243 0.999043632838995 1.10150856698229 0.271477104081702 -0.0018691406713333 0.0314045740982998
8.14000000000015 100.00002921361 -3.09102905775183 1.06047518843942 1.10777132548386 0.272552998036748 -2.92136101052165E-07 0.0306570545095703
8.20000000000014 99.8176677675219 -3.01508190664771 1.11590503933472 1.11342228821116 0.273558145273235 0.00182332232478075 0.0298867353190471
8.26000000000013 99.6399825776462 -2.93615549593221 1.17007497878797 1.11894477123122 0.274486422622329 0.00360017422353849 0.0290898835895581
8.30000000000012 99.5242061691824 -2.88182524101633 1.20575781832367 1.12258255151193 0.275061227665184 0.00475793830817565 0.0285467247563875
8.34000000000011 99.410617911024 -2.82675870282938 1.24008934127999 1.12608257305267 0.275606655775043 0.00589382088975981 0.0279877124373263
8.3800000000001 99.299275518395 -2.77035141437952 1.27205190051926 1.12934111101536 0.27611610690646 0.00700724481604993 0.0274192961394574
8.44000000000009 99.1365573384101 -2.68406364417174 1.31847828806769 1.13407421144243 0.276820381870582 0.00863442661589943 0.0265464954094298
8.48000000000008 99.0309980520979 -2.62531756813625 1.34783512954261 1.13706709249072 0.277248425828112 0.00969001947902143 0.0259591683561729
8.52000000000007 98.9278030983405 -2.56590227555868 1.37469955920147 1.13980591511266 0.277645985856602 0.0107219690165948 0.0253587312842406
8.56000000000007 98.8270169808529 -2.50543823639177 1.40068454273225 1.14245507797525 0.278008958048561 0.0117298301914707 0.0247505541859745
8.60000000000006 98.7286708350293 -2.4443128248117 1.42693933029782 1.14513171835751 0.278340796031713 0.0127132916497067 0.0241356894840141
8.66000000000005 98.5857832549373 -2.35138594385475 1.46194030994613 1.14870009120062 0.278779738003025 0.0141421674506273 0.0232000968237548
8.72000000000003 98.4485290740849 -2.25717831727175 1.49375182270584 1.15194330400966 0.279149362250752 0.0155147092591506 0.0222539063488034
8.78000000000002 98.3169744542101 -2.16173990060791 1.52154512839381 1.15477690175224 0.279449605509405 0.0168302554578986 0.0212959512637929
8.84000000000001 98.1911902700085 -2.06523496287056 1.54708805094464 1.15738107581696 0.279681324725301 0.0180880972999148 0.0203276611073274
8.88 98.1105681109475 -2.00035273381265 1.56242833987949 1.15894508683873 0.279797968136303 0.018894318890525 0.019678338134723
8.91999999999999 98.0325494351564 -1.93512923658905 1.57694891069019 1.16042551650112 0.279885114487121 0.019674505648436 0.0190239011367662
8.95999999999999 97.9571517300792 -1.86957344939219 1.58967822343815 1.16172335249408 0.27994272805445 0.020428482699208 0.0183671562908047
8.99999999999998 97.8843813305721 -1.80380924874308 1.6012751736564 1.16290574723923 0.279971885545105 0.0211561866942793 0.0177083901184292
9.05999999999997 97.7801742968149 -1.70477589487736 1.61654131217644 1.16446227118157 0.279962279114595 0.0221982570318505 0.0167169813770083
9.09999999999996 97.7140086807776 -1.63858392027093 1.62507825979862 1.16533271545392 0.279921088922921 0.0228599131922238 0.016054277335143
9.13999999999995 97.6504952227697 -1.57232646805953 1.63267661691915 1.16610747254823 0.279852678822509 0.0234950477723032 0.0153921851808246
9.17999999999994 97.5896297515137 -1.50603680489802 1.63927387332186 1.16678017880856 0.2797575159434 0.0241037024848629 0.0147282310261433
9.23999999999993 97.5033065334428 -1.40661065109471 1.64657689081579 1.16752490642353 0.279565018111013 0.0249669346655719 0.0137350089029283
9.27999999999992 97.4490680452436 -1.34040982417012 1.64987341489282 1.16786111639889 0.279404408351628 0.0255093195475638 0.0130731988676213
9.33999999999991 97.372669463628 -1.24133821859053 1.65264581556518 1.16814397794847 0.279116221085272 0.0262733053637203 0.0120844938028117
9.3799999999999 97.3250294238096 -1.1755418642944 1.65295046477069 1.16817518857798 0.27889371083797 0.0267497057619039 0.0114258735591014
9.43999999999989 97.2584978156956 -1.07716441935916 1.65164907374046 1.16804274272277 0.27851381889609 0.0274150218430441 0.0104459454148881
9.49999999999988 97.1978382681264 -0.97939396846526 1.64799090005968 1.16767003738485 0.278081337333783 0.0280216173187364 0.00947072966296247
9.55999999999987 97.1430137472926 -0.882423225414684 1.64200422844897 1.16705995234865 0.277598541983843 0.0285698625270743 0.00850378377458725
9.59999999999986 97.1096800545929 -0.81834239513816 1.63621774071132 1.16647020457729 0.277250152876334 0.028903199454071 0.00786333830595112
9.65999999999985 97.0644648919115 -0.722927511744984 1.62644939669195 1.16547459603158 0.276686978434799 0.0293553510808852 0.00691502619180184
9.69999999999984 97.0374741434352 -0.660018425772449 1.61826960824797 1.16464085913545 0.276286993720572 0.0296252585656475 0.00628553783386764
9.75999999999983 97.0016831684625 -0.566475468775195 1.60495072787079 1.16328328797808 0.275648424993414 0.0299831683153752 0.00535721267096662
9.79999999999982 96.9809094279772 -0.504973736295923 1.59404996326405 1.16217216642458 0.275200416883886 0.0301909057202283 0.00474168622760587
9.85999999999981 96.9543368417071 -0.413631698252942 1.57742302311934 1.16047735112089 0.274491851152452 0.0304566315829288 0.00383658186034722
9.9199999999998 96.9331760430941 -0.323705297143775 1.55843507772731 1.15854184548801 0.273743369509736 0.0306682395690586 0.00294260517789809
9.97999999999978 96.9173481997568 -0.235352198326339 1.53758135085573 1.15641612976924 0.272957407870469 0.0308265180024318 0.00206530180770557
10.0399999999998 96.9067522791447 -0.148680878371181 1.5147640971967 1.15409024213877 0.272136144275047 0.0309324772085529 0.00120413809431426
10.0799999999998 96.9025419027312 -0.09214779992719 1.49840293402177 1.15242244778662 0.271572578333476 0.0309745809726883 0.000638202866553286
10.1399999999998 96.9004337599035 -0.0084700103275992 1.47267968144719 1.14980030350342 0.270696617501276 0.0309956624009646 -0.000188185695564727
10.1799999999997 96.9017727485625 0.046077553143661 1.45451293035771 1.14794843458209 0.270097612595925 0.0309822725143749 -0.000732982432326708
10.2399999999997 96.9078275236534 0.126510351176734 1.42607580092006 1.14504961965539 0.269172705745626 0.030921724763466 -0.00152639139878602
10.2799999999997 96.9144963256549 0.17876021858919 1.40606187762654 1.14300943890113 0.268543579233565 0.0308550367434509 -0.00204949854169541
10.3399999999997 96.9283817942487 0.255819088187252 1.37521487815628 1.13986494330199 0.267574427017598 0.0307161820575129 -0.00280726206019622
10.3799999999997 96.9401507880539 0.305690396959577 1.35262234998518 1.1375618907478 0.266918240600795 0.0305984921194613 -0.00330683244785959
10.4399999999997 96.961505597923 0.379122198853636 1.31952355379911 1.13418782943182 0.265910975892024 0.0303849440207705 -0.00402888937945761
10.4799999999997 96.9781356330495 0.426594808351993 1.29687238191241 1.13187878287827 0.265230365702821 0.0302186436695047 -0.00450329161699003
10.5399999999997 97.0065920961788 0.496199409965683 1.26168941108745 1.12829224420917 0.264190678880289 0.0299340790382121 -0.0051859298393488
10.5799999999997 97.0278250165284 0.541020320548114 1.23737277989018 1.1258134108757 0.263490768660007 0.0297217498347163 -0.00563473604676474
10.6399999999997 97.0629921635846 0.606741216406732 1.20059302952701 1.12206407911679 0.262423150036738 0.0293700783641543 -0.0062778266213887
10.6799999999996 97.0885655365419 0.64884384807101 1.17522493672355 1.11947804931266 0.261707267010776 0.0291143446345814 -0.00669984507782999
10.7399999999996 97.1300407577073 0.710520527048843 1.13676946561323 1.1155578792803 0.260617359998193 0.0286995924229268 -0.00730158769060097
10.7799999999996 97.1596826746827 0.749929573892018 1.11061381506313 1.11289155449035 0.259887982414576 0.028403173253173 -0.00769593916372827
10.8399999999996 97.2070532898651 0.807344544039992 1.07057174129529 1.10880963200979 0.258782082705726 0.0279294671013486 -0.00825648825951887
10.8799999999996 97.240485454211 0.843872490007868 1.04321009933197 1.10602035863485 0.258043868717952 0.0275951454578899 -0.00862235304643988
10.9399999999996 97.2933266535401 0.897154953206368 1.00240474553784 1.1018606131198 0.256924932441016 0.0270667334645987 -0.00914028434812266
10.9799999999996 97.3302654637955 0.930867924559678 0.974634906924961 1.09902971885437 0.256180029183324 0.0266973453620449 -0.00947781043325563
11.0399999999996 97.3881508148042 0.979781929889072 0.932617714655598 1.09474642216842 0.255054757035038 0.0261184918519575 -0.00995153840744095
11.0799999999996 97.4283063861076 1.01060220172954 0.904411821649004 1.09187106772187 0.254306868271226 0.0257169361389242 -0.0102612785852865
11.1199999999996 97.4696798571385 1.04052048188524 0.875827451553351 1.08895713032113 0.253555992495288 0.0253032014286146 -0.0105512049683921
11.1799999999995 97.5338860048214 1.08304898010192 0.832814465216228 1.08457230584171 0.252431905377204 0.024661139951786 -0.0109646204318682
11.2399999999995 97.6005385629833 1.12325627176507 0.78979525695925 1.08018684275827 0.251306710776226 0.0239946143701673 -0.0113570510128405
11.2799999999995 97.6462557323975 1.14816795130092 0.760754633401818 1.0772263771272 0.250562808381923 0.0235374426760245 -0.0116079781362858
11.3399999999995 97.716660474427 1.18399562914651 0.717117726463606 1.07277792912356 0.249444358383311 0.0228333952557296 -0.0119503428868239
11.3799999999995 97.764723022352 1.20604106430535 0.687948927280724 1.0698043901311 0.248705913688387 0.0223527697764803 -0.0121720641809937
11.4199999999995 97.8136542995926 1.22736707828211 0.659138704920363 1.06686741386208 0.247966169517695 0.021863457004074 -0.012375005520979
11.4799999999995 97.8885403170716 1.25664357747914 0.615119479536857 1.0623799785757 0.246868935099178 0.021114596829284 -0.0126575541119645
11.5199999999995 97.9393910813378 1.2747328310717 0.585546874389382 1.059365275703 0.246142563578932 0.0206060891866218 -0.0128377866441882
11.5799999999995 98.0169685063884 1.30004346326237 0.542502274936444 1.05497718154975 0.245058488805779 0.0198303149361163 -0.0130765659952495
11.6199999999995 98.0694668487413 1.31530086431599 0.513874705268016 1.05205880582857 0.244344209086069 0.0193053315125871 -0.0132303003399205
11.6799999999994 98.1493113606703 1.33641968820267 0.470645389555492 1.04765188091241 0.243279775100548 0.0185068863932975 -0.0134255452055135
11.7199999999994 98.2031779028475 1.34880840038622 0.441124138864804 1.04464238837368 0.242580755501184 0.0179682209715247 -0.0135506565863521
11.7799999999994 98.2848625800107 1.36574739579551 0.399281917861605 1.0403768613034 0.241540056457169 0.0171513741998933 -0.0137057014886454
11.8199999999994 98.3398232492618 1.37541550682826 0.370137239736981 1.03740575536214 0.240857599771858 0.0166017675073817 -0.0138022372609686
11.8799999999994 98.4229364938801 1.38823161341689 0.328986241101137 1.03321067941552 0.239844231362584 0.0157706350611988 -0.0139169584847959
11.9199999999994 98.4787151574856 1.3951558109482 0.301073691742538 1.03036516894797 0.239181212372941 0.0152128484251443 -0.0139863817306056
11.9799999999994 98.5628548481036 1.40405634035405 0.260048398929063 1.02618290574337 0.23819715034492 0.014371451518964 -0.0140621271012229
12.0199999999994 98.6191848508315 1.40829828833927 0.232509995846118 1.02337551911734 0.237555689533646 0.0138081514916848 -0.0141057866489336
12.0799999999994 98.7039637006819 1.41330050518407 0.19221852824882 1.01926804921966 0.236604578817872 0.0129603629931808 -0.0141419890408523
12.1199999999994 98.7605900274357 1.41510222124886 0.165750943836264 1.01656984985532 0.235984827593902 0.0123940997256432 -0.0141601929340102
12.1599999999994 98.8172745578922 1.41616759257452 0.139589290574193 1.01390283859721 0.235371974668674 0.0118272544210777 -0.0141632838552695
12.2199999999993 98.902295314474 1.41565291668327 0.100610484243431 1.00992911241257 0.234474084322224 0.0109770468552597 -0.0141485524167702
12.2599999999993 98.9589142756304 1.41407300080591 0.0746648648920595 1.0072841261192 0.23388853374368 0.0104108572436962 -0.0141320097566613
12.3199999999993 99.0436806100188 1.41028909994766 0.0378512918330814 1.00353105949285 0.233026211995241 0.00956319389981218 -0.0140827651777597
12.3599999999993 99.100013420335 1.40632706105556 0.012609200692553 1.00095768527672 0.232467559352486 0.00899986579664983 -0.0140437273254331
12.3999999999993 99.1561774656875 1.40179084491658 0.0110436230551431 0.998547212370657 0.231916453036456 0.00843822534312494 -0.013991571538195
12.4599999999993 99.2400032177102 1.39303081545569 0.0471815803599886 0.994862778768534 0.231113768893761 0.00759996782289818 -0.0138955542660332
12.4999999999993 99.2955557118403 1.38602093721107 0.0704299476972325 0.99249269905585 0.230593680844239 0.00704444288159721 -0.0138257735178153
12.5399999999993 99.3508182684891 1.37851404646969 0.0937474275451434 0.990115533317073 0.230081594379977 0.00649181731510907 -0.0137436432913324
12.5999999999993 99.433070665691 1.36531363507814 0.126737666940684 0.986752397165162 0.22933945656555 0.00566929334308952 -0.0136042358379214
12.6399999999993 99.4874307045247 1.35548268656295 0.148415822073495 0.984542373905083 0.228859780577273 0.00512569295475259 -0.0135058906773607
12.6799999999992 99.5413849914912 1.34514963768066 0.170112234468119 0.982330476550295 0.228389336577163 0.00458615008508787 -0.013396496581157
12.7399999999992 99.6214746827027 1.32801229548656 0.200644526881308 0.979217856475067 0.227708582665634 0.00378525317297317 -0.0132173300039157
12.7999999999992 99.7004681864055 1.30930470955444 0.231199486620351 0.976102939633179 0.227054603865669 0.00299531813594513 -0.01302648965738
12.8399999999992 99.7524808378657 1.29590063182577 0.250454675768256 0.974139937077682 0.226634563329773 0.00247519162134267 -0.0128912043870793
12.8999999999992 99.8294570673024 1.2747126556483 0.278254565764352 0.971305840455961 0.22602585935074 0.00170542932697572 -0.0126710559378311
12.9399999999992 99.8800317780115 1.25960399966198 0.297259064678849 0.96936842492975 0.225637354817275 0.00119968221988529 -0.0125205473924299
12.9999999999992 99.9547331173671 1.23599454736562 0.323281553973802 0.966715517884406 0.22507585736949 0.000452668826328591 -0.0122773663112351
13.0399999999992 100.003715904197 1.21940933883344 0.340167245160586 0.964994087581052 0.224718225056865 -3.7159041967243E-05 -0.0121115507875911
13.0999999999992 100.075918526622 1.19362194321181 0.365053133735911 0.962457059037552 0.224203737053983 -0.000759185266215354 -0.0118468615854751
13.1399999999992 100.123163906508 1.17561553247418 0.380975836431704 0.960833803045852 0.223877801625551 -0.00123163906508125 -0.0116663719103975
13.1999999999991 100.19265827816 1.14778001742548 0.403795607522222 0.958507394717071 0.223411077439396 -0.00192658278159797 -0.0113817609938882
13.2399999999991 100.238032408408 1.12850610838457 0.418470182270666 0.957011366068841 0.223116682984479 -0.00238032408407889 -0.011189498496756
13.2799999999991 100.282630935078 1.10893294030089 0.432405695415288 0.955590668553279 0.222833126453641 -0.00282630935078487 -0.010990189096218
13.3399999999991 100.348017230979 1.07855956110734 0.452594860956109 0.953532432791448 0.222433147293557 -0.00348017230979167 -0.0106814141775979
13.3799999999991 100.390574661084 1.05772512504075 0.465738118962541 0.952192512924904 0.222182669898265 -0.00390574661083519 -0.010473559674674
13.4199999999991 100.432294601342 1.03663039193361 0.477749314558387 0.9509679864771 0.221943296052504 -0.00432294601341709 -0.0102593206439703
13.4799999999991 100.493257439113 1.00412459109155 0.495493157876453 0.949159037728609 0.221609090928116 -0.00493257439113222 -0.00993085789787258
13.5199999999991 100.532799787121 0.982015361361931 0.506660906787501 0.948020523006349 0.221401699748718 -0.00532799787120894 -0.00971010043694832
13.5599999999991 100.571453317651 0.959650349855977 0.517450826061552 0.94692048624756 0.221205803606375 -0.00571453317650594 -0.00948399682307922
13.6199999999991 100.627731347573 0.925476833886862 0.531731865668419 0.945464536320416 0.220935311275905 -0.0062773134757299 -0.00913889649943386
13.6599999999991 100.664095642744 0.902321836105443 0.541553727440001 0.944463207279768 0.220770284129155 -0.00664095642743632 -0.00890801099392348
13.699999999999 100.699533004896 0.879028310350037 0.549960163814879 0.943606163237744 0.220615966940174 -0.00699533004895784 -0.00867229272961538
13.739999999999 100.734024968697 0.855392659363005 0.557900955751527 0.942796595467465 0.220474574005677 -0.00734024968696758 -0.00843521155477077
13.799999999999 100.783977592015 0.819497485398756 0.569629890052981 0.941600820735797 0.220284761247062 -0.00783977592014708 -0.0080742090827998
13.839999999999 100.816073441762 0.795369242294029 0.576390769899849 0.940911536799228 0.22017228316641 -0.00816073441761546 -0.00783362367305187
13.879999999999 100.847205324448 0.771164572627882 0.582383677144537 0.940300528590471 0.220070258024062 -0.00847205324447714 -0.00758932827112929
13.939999999999 100.89206576487 0.734398937490866 0.591511404798734 0.939369931966088 0.219940203888871 -0.00892065764870495 -0.00722088327952207
13.979999999999 100.920744952513 0.709809676760727 0.596458635686018 0.938865531832175 0.219866579385989 -0.00920744952512905 -0.00697510006156762
14.019999999999 100.94843743206 0.685067521604694 0.601006909303191 0.938401806029072 0.219804378602494 -0.00948437432060018 -0.00672698701739094
14.059999999999 100.975137409521 0.660254118629013 0.605152902206543 0.937979087791871 0.219752885589044 -0.00975137409521267 -0.0064789810149901
14.119999999999 101.013323761406 0.622983608638975 0.610597733220877 0.937423931329358 0.2196947193139 -0.0101332376140635 -0.00610525606655202
14.159999999999 101.037535039941 0.598016946356523 0.613744151650168 0.937103123107725 0.219669673634142 -0.0103753503994085 -0.00585615290258616
14.1999999999989 101.060750081437 0.573082474372853 0.616021122567596 0.936870937235712 0.219654247184839 -0.0106075008143671 -0.0056059458292934
14.2399999999989 101.08296574431 0.548179310493595 0.61795839549617 0.936673382770294 0.219648516397093 -0.0108296574431006 -0.00535695415878095
14.2999999999989 101.114419263322 0.510712756461416 0.620533751555898 0.936410758608265 0.21965975830743 -0.0111441926332191 -0.00498340466995032
14.3399999999989 101.134145145305 0.485860461952797 0.621329761236139 0.936329551935686 0.219678416726011 -0.011341451453045 -0.00473425052847134
14.3799999999989 101.152875872096 0.461086587422983 0.621791287323421 0.936282444221827 0.219706263796805 -0.0115287587209605 -0.00448639324542555
14.4199999999989 101.170614096802 0.436280542611641 0.621950998516582 0.936266105421059 0.219744363999681 -0.0117061409680173 -0.00423981815711386
14.4799999999989 101.195374958217 0.399354122833543 0.621343492617376 0.936327952484293 0.219817146268698 -0.0119537495821714 -0.00387108847492982
14.5199999999989 101.210655671312 0.374834317819079 0.620356774960779 0.936428486698961 0.219876980529402 -0.0121065567131154 -0.00362620509914194
14.5599999999989 101.224957634578 0.350466492760106 0.61885966563251 0.936581049856664 0.219945048488033 -0.0122495763457846 -0.00338324437764072
14.5999999999989 101.238289295463 0.326245418885051 0.617076166753237 0.93676281108161 0.220021358374392 -0.0123828929546289 -0.00314179602811251
14.6599999999989 101.256482405937 0.290200028874054 0.613722027393425 0.93710466699065 0.220150988867928 -0.0125648240593728 -0.00278288933407794
14.6999999999988 101.267417411669 0.266379425483478 0.610816841411793 0.937400772740897 0.220247275508746 -0.0126741741166916 -0.00254496876980241
14.7399999999988 101.277402743581 0.242796135008703 0.607644328746403 0.937724136824472 0.220350685776228 -0.0127740274358075 -0.00231047211267821
14.7799999999988 101.28645215428 0.219342555798121 0.604343607860257 0.938060575327978 0.220462081643852 -0.0128645215427969 -0.0020769171194047
14.8399999999988 101.298281690222 0.184653015186726 0.598305509045487 0.938676040790605 0.220641749060452 -0.0129828169022221 -0.00173244183002751
14.8799999999988 101.305023348425 0.161799643398425 0.59386972481077 0.939128191681125 0.220770262884818 -0.0130502334842458 -0.00150414370094254
14.9199999999988 101.310857620207 0.139193976330191 0.589084359148403 0.939615976532576 0.220905318256377 -0.0131085762020666 -0.00127872061016575
14.9599999999988 101.315790944849 0.116795046309704 0.584162117657302 0.940117718767325 0.221047336962728 -0.0131579094484914 -0.00105704768264019
15.0199999999988 101.321538885124 0.0838440296070786 0.575822432389625 0.94096782260056 0.221270345826503 -0.0132153888512403 -0.000729584684844298
15.0599999999988 101.324282383663 0.0622093345538133 0.569960234286652 0.941565388642811 0.221426565178863 -0.0132428238366265 -0.000513803814093592
15.0999999999988 101.326165652135 0.0407810603598335 0.563979426179701 0.942175049976923 0.221589322629183 -0.0132616565213539 -0.000302169729356194
15.1399999999988 101.32720607298 0.0197346066266135 0.557637323614853 0.942821540440565 0.22175665628436 -0.0132720607297961 -9.29679506798209E-05
15.1799999999987 101.327413768508 -0.000970313472606676 0.550765671389217 0.943522014887671 0.221928874215588 -0.0132741376850754 0.000112459404733585
15.2399999999987 101.326193948044 -0.0314224288653406 0.540172107357949 0.944601895002853 0.222196420641271 -0.0132619394804351 0.000414207271400358
15.2799999999987 101.324380093836 -0.0513480983814674 0.53285285178808 0.945348003927324 0.222381055121731 -0.0132438009383623 0.000612278648322047
15.3199999999987 101.321776883444 -0.0709655855629876 0.525382416370009 0.946109527684994 0.222570424857709 -0.0132177688344382 0.000806059264613168
15.3599999999987 101.318402834353 -0.0900915046797621 0.51719987151098 0.946943640735356 0.222762580851812 -0.0131840283435304 0.000995960055593485
15.4199999999987 101.311928296927 -0.118269968004924 0.505268492350188 0.948159911260329 0.223059835637273 -0.0131192829692736 0.00127349698865572
15.4599999999987 101.306691933773 -0.136459945980434 0.49665669678463 0.949037788443987 0.223261172418995 -0.0130669193377253 0.00145572797691102
15.4999999999987 101.3007317835 -0.15444262070865 0.488042719394369 0.949915892993872 0.223467716397878 -0.0130073178349994 0.00163277552336666
15.5399999999987 101.294069015887 -0.171963281617153 0.479228221236843 0.95081443633178 0.223676568754112 -0.0129406901588663 0.00180569897413989
15.5799999999987 101.286716894829 -0.189041803211694 0.470162224802258 0.951738620583661 0.223887914421965 -0.0128671689482871 0.00197482692767835
15.6199999999987 101.278693396016 -0.205736272579671 0.460935672416944 0.95267917357913 0.224102099224889 -0.0127869339601602 0.00213958027731451
15.6799999999987 101.265433615539 -0.230041247936541 0.446716384222782 0.954128688883993 0.224428188565377 -0.0126543361553922 0.00237866470130712
15.7199999999986 101.25580227701 -0.245743352205679 0.436927940401102 0.955126526090952 0.224648472789671 -0.0125580227700993 0.00253512459128814
15.7599999999986 101.245551918051 -0.261093593781979 0.427488724414179 0.9560887622435 0.224871394454663 -0.0124555191805121 0.00268612569626868
15.7999999999986 101.234701597015 -0.275937120741887 0.417433013224633 0.957113845875019 0.22509519976965 -0.0123470159701537 0.00283261302162273
15.8399999999986 101.223269830574 -0.29036950562454 0.407533033993761 0.958123058889545 0.22532065281829 -0.0122326983057428 0.00297401782456092
15.8999999999986 101.205072234268 -0.311228564690182 0.391948365024802 0.959711770807532 0.22566143339723 -0.012050722342683 0.0031791645388158
15.9399999999986 101.192263820558 -0.324522951260519 0.381382692751575 0.960788846378028 0.225889259906207 -0.0119226382055786 0.00331229441594047
15.9799999999986 101.17892794183 -0.337538881469797 0.371226231773704 0.961824210391069 0.226119527684461 -0.011789279418299 0.00343832093544222
16.0199999999986 101.165091021336 -0.350018102739767 0.360688137146702 0.9628984794789 0.226349383485209 -0.0116509102133568 0.0035619477890171
16.0599999999986 101.150765781756 -0.362106184928251 0.350175983885681 0.963970099223685 0.22658020456153 -0.0115076578175649 0.00368012831052425
16.1199999999986 101.128404943389 -0.379349449150283 0.333998790045238 0.965619228204252 0.226926225289698 -0.0112840494338889 0.00384828379116414
16.1599999999986 101.1129432366 -0.390293631375258 0.322983680104751 0.966742129271561 0.227156867909087 -0.0111294323659968 0.00395745979502024
16.2199999999985 101.0889507354 -0.406029949725095 0.306905166087083 0.968381197912323 0.227504018628271 -0.0108895073540043 0.00410964200777684
16.2599999999985 101.072453645524 -0.415884976794487 0.296191541465292 0.969473366805322 0.2277340827887 -0.0107245364552364 0.00420814868288431
16.3199999999985 101.04699294141 -0.429954408822283 0.280078481280394 0.971115969817108 0.228079087224325 -0.0104699294141028 0.00434378591275745
16.3599999999985 101.02957102994 -0.438694347537563 0.268645886448953 0.972281433136487 0.228307144591693 -0.0102957102993969 0.00443043581421534
16.3999999999985 101.011807853705 -0.447137806086346 0.258247817834721 0.97334142948463 0.228535692004588 -0.0101180785370525 0.00451124538955867
16.4399999999985 100.993726694025 -0.454952938309404 0.246879052500507 0.974500397624223 0.228760983158453 -0.00993726694025099 0.00458751834488083
16.4799999999985 100.97534503846 -0.462374563835326 0.23588798238894 0.975620853104747 0.228985392923745 -0.00975345038459636 0.00465969902249725
16.5199999999985 100.956679780968 -0.46937166873586 0.225039201113574 0.976726805605213 0.229208317077711 -0.00956679780967534 0.00472817747602562
16.5799999999985 100.928183261189 -0.479035760000713 0.208208115367658 0.978442608890301 0.229539336475476 -0.00928183261188678 0.00482006374103605
16.6199999999985 100.908884148812 -0.484994960508942 0.197396144079834 0.979544806053103 0.229758185869902 -0.00908884148811922 0.00487978871579187
16.6599999999985 100.88935227308 -0.490620644261597 0.186822759850414 0.980622685410241 0.229975944770496 -0.00889352273079567 0.00493139419629784
16.6999999999984 100.869617739925 -0.495683543747305 0.175883258632398 0.981737886701069 0.230190102366053 -0.00869617739925161 0.00498053313652733
16.7399999999984 100.849691159907 -0.500275775797178 0.164726680961667 0.982875234338898 0.230401439526166 -0.00849691159906797 0.00502483770824199
16.7799999999984 100.829592080438 -0.504497064194368 0.153617366452463 0.984007742793155 0.230610771115424 -0.00829592080437578 0.00506496381751177
16.8399999999984 100.799153279397 -0.510098435488246 0.137847423519097 0.985615383763358 0.230920302793939 -0.00799153279396705 0.00511718505863655
16.8799999999984 100.778694417793 -0.513289776692716 0.127271716661418 0.986693505865265 0.23112282207311 -0.00778694417793304 0.00514872520391464
16.9199999999984 100.75811281323 -0.516175956160794 0.11699439563846 0.987741210751341 0.231323517127751 -0.00758112813229673 0.00517448408394188
16.9599999999984 100.737433858914 -0.518569806060114 0.106603493213877 0.988800500547539 0.231520228137373 -0.00737433858914301 0.00519707516322768
16.9999999999984 100.716669195564 -0.520613481215094 0.0965013633465275 0.98983033413812 0.231714273377635 -0.00716669195564464 0.00521505916352496
17.0399999999984 100.695836258354 -0.522176360939994 0.0854776201122001 0.990954159472122 0.231904138082856 -0.00695836258353665 0.00522908489912936
17.0999999999984 100.664493211312 -0.523873890623349 0.0704598851127222 0.9924851356272 0.232183369363829 -0.00664493211312219 0.00524195956749139
17.1399999999984 100.643558648648 -0.524565125632776 0.0607072526404067 0.993479342846083 0.232365478498518 -0.00643558648647741 0.00524855658058868
17.1799999999984 100.622603998054 -0.524961787318063 0.0511454709020226 0.994454087719263 0.232544836156523 -0.00622603998053819 0.00525011867831225
17.2199999999983 100.601645664661 -0.524897814431853 0.0413462042294452 0.995453096282641 0.23271959661235 -0.00601645664661191 0.00524649018423304
17.2599999999983 100.580706337118 -0.524409628353624 0.0317121741613334 0.996435266627254 0.232889848502528 -0.0058070633711759 0.00524131206556817
17.2999999999983 100.559792402899 -0.523620042161383 0.0218532014417212 0.997440330944216 0.233056853467554 -0.00559792402898893 0.00523168259187031
17.3599999999983 100.528503771639 -0.521807048562934 0.00808047367137248 0.998844685131594 0.233300186186647 -0.00528503771638498 0.0052099243855443
17.3999999999983 100.507721026894 -0.520191194690298 0.00109519748454611 0.999777355379533 0.233457540152154 -0.00507721026893705 0.00519255359381162
17.4399999999983 100.48701338016 -0.518179992112579 0.0100108786222697 1.00068825015302 0.233610161971952 -0.00487013380159624 0.00517199680910053
17.4799999999983 100.466391982976 -0.515893061509701 0.0187979709992204 1.00158428546808 0.233759136337396 -0.00466391982976347 0.00514730111825799
17.5199999999983 100.44587215886 -0.51334453836364 0.0271451591483298 1.00243534033814 0.233904472397445 -0.00445872158859856 0.0051189681861311
17.5599999999983 100.425467660418 -0.510356602307823 0.0362650624095717 1.00336497926084 0.234044233386786 -0.0042546766041778 0.00508848843221983
17.6199999999983 100.395102122449 -0.505404155182404 0.0487515394568892 1.00463791425708 0.234246698088074 -0.00395102122449316 0.00503597867855447
17.6599999999983 100.375037265592 -0.501671560154449 0.0568618446112798 1.00546479170175 0.234375567307849 -0.00375037265592255 0.00499852576558425
17.6999999999982 100.355124767986 -0.497818109243497 0.0645212627752999 1.00624565864733 0.234501649055957 -0.00355124767986126 0.00495688218279653
17.7399999999982 100.335380494478 -0.493520493915057 0.0722335083644564 1.00703187989946 0.234621627893894 -0.00335380494478159 0.00491362900698917
17.7799999999982 100.315812943969 -0.489033606629647 0.0799136484265029 1.00781482481791 0.234737925729512 -0.00315812943968922 0.00486602569799459
17.8399999999982 100.286822377471 -0.48174878942659 0.0910945685106032 1.00895466827717 0.23490315085357 -0.00286822377471253 0.00479186266590645
17.8799999999982 100.26774682838 -0.476560923834839 0.0983472240255898 1.00969401140016 0.235007463515373 -0.00267746828380041 0.00473932260796758
17.9199999999982 100.248883954249 -0.471207937486582 0.10535796619641 1.0104087680211 0.235107970540998 -0.00248883954249322 0.00468381649398793
17.9599999999982 100.230246425956 -0.465505168043634 0.112145022536998 1.01110068277663 0.235202705244631 -0.00230246425955556 0.0046258638496569
17.9999999999982 100.211844313424 -0.459541738076723 0.118936401463384 1.01179302232697 0.235292472504692 -0.00211844313424081 0.00456595466277932
18.0399999999982 100.193684003898 -0.453489119942034 0.125288494251922 1.01244058767872 0.235378881184891 -0.00193684003897943 0.00450384331542907
18.0999999999982 100.166914397385 -0.443945520825437 0.134698228610528 1.0133998606474 0.235499170326192 -0.00166914397384971 0.00440611468757936
18.1399999999982 100.149396878085 -0.437295732088558 0.140578392887825 1.01399935032081 0.235573179315284 -0.00149396878085099 0.00433957798763018
18.1799999999982 100.132147585275 -0.430521213029891 0.146297417648392 1.01458239151701 0.235643252041424 -0.00132147585274652 0.00427024840071013
18.2199999999981 100.115178159322 -0.423481595028903 0.151908270141517 1.01515438694246 0.235707826455337 -0.00115178159321658 0.00419889530003289
18.2599999999981 100.098496017512 -0.416250875453343 0.157354864772296 1.0157096674054 0.235767616980762 -0.00098496017511934 0.00412612059812332
18.3199999999981 100.074023550958 -0.40513088053217 0.165209214158305 1.01651037644629 0.235849066576602 -0.000740235509583727 0.00401335493944316
18.3599999999981 100.058087884332 -0.397514676362945 0.169992641383274 1.01699805198358 0.235897537424422 -0.000580878843320534 0.00393741171508537
18.3999999999981 100.042458560085 -0.389736932567857 0.174528391440644 1.01746046651839 0.235941301779114 -0.000424585600849241 0.00385838075454586
18.4399999999981 100.027145595988 -0.381841283801876 0.179136018388544 1.01793019839777 0.235980695809477 -0.000271455959882587 0.00377830071750623
18.4799999999981 100.012154297205 -0.373790526983001 0.183483103642453 1.01837337045482 0.236015328761917 -0.000121542972046882 0.00369759167286489
18.5199999999981 99.997487857705 -0.365593797005019 0.187560542911429 1.01878907082261 0.23604524667461 2.51214229501784E-05 0.00361530808520754
18.5799999999981 99.976110874908 -0.353129296344719 0.193496094978392 1.0193941978987 0.236082198884897 0.000238891250919551 0.00348874014712266
18.6199999999981 99.9622798131313 -0.34465267891548 0.197088576389075 1.01976045087575 0.236100964072152 0.000377201868686825 0.0034026142710384
18.6599999999981 99.9487957581878 -0.336011423667259 0.200614994254249 1.02011995892502 0.236114591840905 0.000512042418122292 0.00331716468447468
18.699999999998 99.9356524789473 -0.327401799831222 0.203723859754565 1.02043691852835 0.236125121437284 0.000643475210526958 0.00322999320228803
18.739999999998 99.9228620528011 -0.318598719698315 0.20685827621311 1.02075646601275 0.236130173681514 0.000771379471989349 0.00314195918033306
18.779999999998 99.9104234499391 -0.309761662449802 0.209965234580429 1.02107320790101 0.23613138883413 0.000895765500608832 0.00305275757457665
18.839999999998 99.8924335109768 -0.296372719598352 0.21368770952201 1.02145273994231 0.236125149724482 0.00107566489023156 0.00291869357763403
18.879999999998 99.8808900605654 -0.287340534659648 0.21614128203272 1.02170288673772 0.236115462016054 0.00119109939434566 0.00282816830698224
18.919999999998 99.8697085033637 -0.278271736785783 0.218321428848137 1.02192516262338 0.236101761579172 0.00130291496636346 0.00273724036664035
18.959999999998 99.8588919810718 -0.269157270614954 0.220152400155529 1.02211183955524 0.236083960809884 0.00141108018928207 0.00264588524752256
18.999999999998 99.8484410346719 -0.260022037358723 0.22214621140206 1.02231511870854 0.236062296591984 0.0015155896532815 0.00255407677715226
19.039999999998 99.8383583168034 -0.250821639817417 0.223615712899845 1.02246495005457 0.236036291696012 0.00161641683196649 0.00246233780723657
19.099999999998 99.8239220227115 -0.236986063921279 0.226055711459771 1.02271370974179 0.235990049247405 0.00176077977288514 0.00232372484180388
19.139999999998 99.8147603913676 -0.227743770403322 0.227153664047653 1.02282566933018 0.23595445593595 0.00185239608632401 0.00223100481132036
19.179999999998 99.8059691005619 -0.218480594428513 0.228218940332248 1.02293429062299 0.235914915648581 0.00194030899438076 0.00213846442959166
19.2199999999979 99.797548150178 -0.209227113509499 0.229036498070036 1.02301765492696 0.235871761812938 0.00202451849821955 0.00204592716605617
19.2599999999979 99.7894975399831 -0.199976810785742 0.229747609538902 1.02309017419007 0.235824971059398 0.00210502460016869 0.00195346340531003
19.3199999999979 99.7781154722907 -0.186134756040985 0.230358711319982 1.02315250275199 0.23574814907782 0.00221884527709335 0.0018154488093532
19.3599999999979 99.77098757145 -0.1769083104369 0.230638643557996 1.02318106282412 0.235692348873787 0.0022901242855005 0.00172270289198579
19.3999999999979 99.764228929067 -0.167682103755112 0.230866082938249 1.02320426842684 0.235632886103825 0.00235771070932969 0.00163087721596398
19.4399999999979 99.7578364034416 -0.158537907891784 0.230725576788035 1.02318996632658 0.235570589320452 0.00242163596558385 0.00153939794063319
19.4799999999979 99.751809994923 -0.14942353661047 0.230435159494553 1.02316038307792 0.235504915482234 0.00248190005077049 0.00144857859038311
19.5199999999979 99.7461465096567 -0.14033838888426 0.230101486160661 1.02312638580597 0.235435925514021 0.00253853490343317 0.0013580524557949
19.5799999999979 99.738328749314 -0.126803263515427 0.229209559876499 1.02303549226709 0.235326612556327 0.00261671250686049 0.00122338868048942
19.6199999999979 99.7335657215444 -0.117859986876923 0.228434045811103 1.02295645431252 0.235250043469256 0.00266434278455563 0.00113364096747944
19.6599999999979 99.7291592815891 -0.108930933633701 0.227630911540444 1.02287460044231 0.235170064552732 0.00270840718410909 0.0010449839265614
19.6999999999979 99.725107317674 -0.100118361693148 0.226562407177624 1.02276569397959 0.235087726541728 0.00274892682326026 0.000957257378206862
19.7399999999978 99.7214050653856 -0.0913974689514845 0.225384777399359 1.0226456582138 0.235002814979901 0.00278594934614375 0.000870218877884241
19.7799999999978 99.718051983742 -0.0827128041251513 0.223909931383675 1.02249533054242 0.234914773984518 0.00281948016257957 0.000784148489782837
19.8399999999978 99.71366517758 -0.0698962069638043 0.221620455988722 1.02226196380792 0.234778405535366 0.00286334822420031 0.000656128004678607
19.8799999999978 99.7111644198885 -0.0614454986829855 0.219961309091911 1.02209284228781 0.23468420146978 0.00288835580111481 0.000571736590542145
19.9199999999978 99.7090011920081 -0.0530153472527672 0.218323811557998 1.02192592824874 0.234586869358507 0.00290998807991855 0.000488334062623324
19.9599999999978 99.7071712705074 -0.0447537560235105 0.216411039093341 1.0217309515878 0.234487875737299 0.00292828729492612 0.000406629943031476
19.9999999999978 99.7056677788496 -0.0365676766596721 0.214444231071744 1.02153046145433 0.234386393772026 0.00294332221150398 0.000325865080852452
20.0399999999978 99.7044864938362 -0.02858021322821 0.211975950772797 1.02127885714981 0.234283682702826 0.00295513506163843 0.00024608488443036
20.0999999999978 99.703308978118 -0.016673799011329 0.208627630507378 1.02093754494157 0.234124454342847 0.00296691021881998 0.000128047664956767
20.1399999999978 99.7029149365844 -0.00891503616675493 0.206222318090976 1.02069235445886 0.234016171665732 0.00297085063415579 5.00146301081372E-05
20.1799999999978 99.7028314609779 -0.0012235012224977 0.203739480102884 1.02043926290968 0.233905497071396 0.00297168539022095 -2.57593606420414E-05
20.2199999999977 99.7030505929142 0.00630538592309904 0.201006983163639 1.02016072176791 0.233793436700632 0.00296949407085776 -0.000100243594967822
20.2599999999977 99.70356653817 0.0136949011670282 0.198285463828433 1.01988329567574 0.233679815736707 0.0029643346183002 -0.000173482472042252
20.2999999999977 99.7043724203249 0.0209792644943008 0.195398513621885 1.01958900642612 0.233564360743971 0.00295627579675056 -0.000245822842571073
20.3599999999977 99.7061211343389 0.0316387010693262 0.190997372784788 1.01914035909801 0.233388491894256 0.002938788656611 -0.00035091264705585
20.3999999999977 99.707633856684 0.0385783285788364 0.187881216204367 1.01882270516386 0.233269422695298 0.00292366143316031 -0.000420952908678487
20.4399999999977 99.7094259051373 0.0454426252830871 0.18507333042571 1.01853646872941 0.233148375813993 0.00290574094862677 -0.000487721945820851
20.4799999999977 99.711482497165 0.0520113426654518 0.181514077229196 1.01817364588782 0.233027611514567 0.0028851750283502 -0.000553230973095964
20.5199999999977 99.7138009802438 0.0585540693496256 0.178413292751798 1.01785755341158 0.232904543635449 0.00286199019756168 -0.000617422911877696
20.5599999999977 99.7163723661797 0.0648877289430772 0.174739177961654 1.01748301736898 0.232781030427592 0.00283627633820288 -0.000681894180721656
20.6199999999977 99.7207024142845 0.074205560712997 0.169766646206119 1.01697611727813 0.232592909368392 0.0027929758571554 -0.000772313779616951
20.6599999999977 99.7238906560233 0.0801483449721161 0.166149810747712 1.01660741829264 0.23246717783285 0.00276109343976714 -0.000832029319422247
20.6999999999977 99.7273175074952 0.0860718591026881 0.162747708821489 1.01626060495342 0.232339259768267 0.00272682492504828 -0.000889336502925744
20.7399999999976 99.7309713272844 0.0917396605869669 0.159084692241075 1.0158871960789 0.2322116637585 0.00269028672715649 -0.00094553384690883
20.7799999999976 99.7348484332906 0.0972664027418659 0.155454068429874 1.01551708865802 0.232083273128062 0.00265151566709392 -0.00099990253065485
20.8399999999976 99.7410687877564 0.105278124638247 0.149604976488068 1.01492082926625 0.231889462180002 0.00258931212243624 -0.00107784762394104
20.8799999999976 99.7454738989472 0.110396750463181 0.145979747744518 1.01455126995916 0.231759893370681 0.00254526101052761 -0.00112956917851733
20.9199999999976 99.7500816154061 0.115381144204093 0.142083897048239 1.01415412548294 0.231629675427073 0.00249918384593911 -0.00117905797339432
20.9599999999976 99.7548845718848 0.120159972829029 0.138196820055803 1.01375787286188 0.231499588382604 0.00245115428115241 -0.00122519148022988
20.9999999999976 99.7598711277824 0.124835203752411 0.134453564389471 1.01337627288725 0.23136868745315 0.0024012887221761 -0.00127140668244479
21.0399999999976 99.7650402009021 0.129299810286795 0.130187286724802 1.01294137277429 0.2312381091237 0.00234959799097851 -0.00131474581365211
21.0999999999976 99.7731186437886 0.135750798596121 0.124213562332585 1.01233240242018 0.231041497432782 0.00226881356211379 -0.00137748451641912
21.1399999999976 99.7787083548028 0.139701230928111 0.119920219715202 1.01189472575695 0.230911889020159 0.00221291645197198 -0.00141895201636984
21.1799999999976 99.7844625550788 0.14374754648027 0.116219069937214 1.01151743144168 0.230779690716038 0.0021553744492121 -0.00145591723705735
21.2199999999975 99.7903659734875 0.147523501443274 0.112262731928209 1.011114114509 0.230648752231786 0.00209634026512504 -0.00149307863166285
21.2599999999975 99.7964127633022 0.150985569933866 0.108018236636401 1.0106814237378 0.23051950507046 0.00203587236697786 -0.0015280004883671
21.3199999999975 99.8057408859022 0.15611644778528 0.101854475342853 1.01005307848974 0.230323749797906 0.00194259114097804 -0.00157705986781508
21.3599999999975 99.8121209818637 0.159275999931864 0.0978062651023384 1.00964039744661 0.230194222418978 0.001878790181363 -0.00160881525947417
21.3999999999975 99.8186243615346 0.162277242031053 0.0936213473134056 1.00921377300508 0.23006511441813 0.00181375638465397 -0.00163802108687307
21.4399999999975 99.8252441484947 0.16516554716226 0.0896805912924084 1.00881204299542 0.229935957913997 0.00174755851505324 -0.00166528771629075
21.4799999999975 99.8319723850582 0.167850217407818 0.0855623127998641 1.00839222055251 0.229807787823085 0.00168027614941821 -0.0016911842014936
21.5199999999975 99.8388016534736 0.17030087339279 0.0813972747706252 1.0079676257499 0.229680982107431 0.00161198346526362 -0.00171555830243108
21.5799999999975 99.8492233606521 0.173793785204793 0.0751318746713658 1.00732891019371 0.229490822811591 0.00150776639347896 -0.00174801892388629
21.6199999999975 99.8562785676913 0.175875935209163 0.0708975077817635 1.00689723406889 0.229365442834861 0.00143721432308666 -0.00176933652233998
21.6599999999975 99.8634168305434 0.17790435500622 0.0673132590542223 1.00653185633811 0.229239831790515 0.00136583169456571 -0.00178799047165214
21.6999999999975 99.8706270495895 0.179692741905342 0.0631231064547926 1.00610470913564 0.229115922229578 0.0012937295041047 -0.00180554591418115
21.7399999999974 99.8779050015146 0.181327114630548 0.0590690200300642 1.00569142625586 0.228992861727475 0.00122094998485409 -0.0018211065551688
21.7799999999974 99.8852442987263 0.182799234903101 0.0548105191185138 1.00525729911094 0.228870844834336 0.0011475570127368 -0.00183485233293766
21.8399999999974 99.896351675503 0.184708665369385 0.0488740508854505 1.00465211663497 0.228689843476803 0.00103648324497044 -0.00185308773906016
21.8799999999974 99.9038153381553 0.185848563585765 0.0450121142774531 1.00425841889753 0.228569925955903 0.000961846618447453 -0.00186418042338275
21.9199999999974 99.9113218288403 0.186863639557998 0.0414231623163711 1.00389254783911 0.228450897411908 0.000886781711596996 -0.00187285250588815
21.9599999999974 99.9188616707688 0.187703921333792 0.0377288041451395 1.00351592463059 0.228333276440224 0.000811383292311803 -0.00187969495105364
21.9999999999974 99.9264274470042 0.188314329057349 0.0337973209808484 1.00311514543359 0.228217688017929 0.000735725529957563 -0.00188597187730124
22.0599999999974 99.9378157720203 0.189047218733535 0.0278734841602827 1.00251124091375 0.228045780921877 0.00062184227979742 -0.00189244176493986
22.0999999999974 99.9454275696771 0.18929314512917 0.0240173901801076 1.00211813201665 0.227933439279184 0.000545724303228781 -0.00189494329591597
22.1399999999974 99.9530483554117 0.189532360358598 0.0205294331749599 1.00176256180267 0.227821081850875 0.000469516445882618 -0.00189581737501598
22.1799999999974 99.9606712528039 0.189551241396728 0.0168964087956728 1.00139219006924 0.22771094115455 0.00039328747196123 -0.00189534059273257
22.2199999999973 99.9682914973237 0.18941415713681 0.0133214196446977 1.00102772789199 0.227602379808578 0.00031708502676338 -0.00189345738946628
22.2599999999973 99.9759032945149 0.189202509955706 0.00975088804997268 1.00066373211165 0.22749468306564 0.000240967054851353 -0.00189031794171541
22.3199999999973 99.9872926997487 0.188590713109377 0.0043342689876905 1.00011153768057 0.227336398692561 0.000127073002513498 -0.00188302080318053
22.3599999999973 99.994860045379 0.188025374765232 0.000821819155703577 0.999753301400429 0.227232711049044 5.13995462097228E-05 -0.00187740895731395
22.3999999999973 100.00240253855 0.187378312044615 0.00232524550438521 0.999432820098523 0.227130109997984 -2.40253855008632E-05 -0.00187016308268724
22.4399999999973 100.009915414848 0.186556461595814 0.00559382235067684 0.999099542680178 0.227029573658842 -9.91541484836489E-05 -0.00186125725205812
22.4799999999973 100.017391256639 0.185622852911209 0.00903727132502402 0.998748441505248 0.226930518435487 -0.000173912566388026 -0.00185091969807218
22.5399999999973 100.028526186943 0.184030480624628 0.0137386549730292 0.998269160025135 0.226784722884267 -0.000285261869430542 -0.0018341185297497
22.5799999999973 100.035890926491 0.182815655772373 0.0168228404786264 0.997954735593842 0.226689639164797 -0.000358909264905378 -0.00182211406303779
22.6199999999973 100.043206450064 0.181533261430147 0.0196862096906398 0.997662838271535 0.22659575095385 -0.000432064500637353 -0.00180767445599997
22.6599999999973 100.050463280757 0.180079736437918 0.0227907915911871 0.997346331580415 0.226504154180157 -0.000504632807569578 -0.00179319419193348
22.6999999999973 100.057661366649 0.178535785838264 0.0257093413487394 0.997048801858454 0.226414097398463 -0.00057661366648972 -0.0017776889252228
22.7599999999972 100.068335481803 0.176048597184391 0.0299257813530406 0.996618952575616 0.226281934389509 -0.000683354818029329 -0.00175143803694468
22.7999999999972 100.075362690259 0.174206318045876 0.0329139923564383 0.996314338109295 0.22619660414212 -0.000753626902587712 -0.00173338613072303
22.8399999999972 100.082317942521 0.1724097358329 0.0353506686656245 0.996065912483628 0.226111522900358 -0.000823179425206035 -0.00171488622598005
22.8799999999972 100.089196473826 0.170368983126977 0.0381185407742845 0.995783743008296 0.226029671205605 -0.000891964738257229 -0.00169351989792077
22.9199999999972 100.095990918926 0.168308777190489 0.0407256980063189 0.995517982644689 0.225948889349515 -0.000959909189259633 -0.00167258624317739
22.9599999999972 100.102699114126 0.166171681634211 0.0430842799541326 0.9952775054781 0.225869725319666 -0.00102699114126153 -0.00165116419391197
23.0199999999972 100.112598706386 0.162835037444609 0.0467294212313755 0.994905899745937 0.225753967832345 -0.00112598706386052 -0.00161610574061712
23.0599999999972 100.119079932338 0.160467203339138 0.0490151507247773 0.994672874090793 0.225679394739018 -0.00119079932337627 -0.00159309035929624
23.0999999999972 100.125468032202 0.158065735771217 0.0511589486429008 0.994454321640977 0.225606123677924 -0.00125468032201752 -0.00156812745214708
23.1399999999972 100.131755099515 0.155510519883734 0.0532929364040807 0.994236776520123 0.225535414258426 -0.00131755099515431 -0.00154292214179108
23.1799999999972 100.137941623339 0.152978606451512 0.055396806688056 0.994022285944414 0.225465491082164 -0.0013794162333943 -0.00151677248406372
23.2399999999971 100.147022241843 0.149000421122267 0.0585071049242454 0.993705202691112 0.225364414985318 -0.00147022241842933 -0.00147602079309564
23.2799999999971 100.152940538945 0.146275338336466 0.0602179628332623 0.993530787224993 0.225299119620746 -0.00152940538944677 -0.00144884325464204
23.3199999999971 100.158748274785 0.143425469684843 0.0621920777687388 0.993329528808169 0.225236212141541 -0.00158748274785467 -0.0014207064188416
23.3599999999971 100.164441714645 0.140581823459101 0.0639584946951609 0.993149451299796 0.225174378646513 -0.00164441714645363 -0.0013920073048925
23.3999999999971 100.170021940488 0.137755990866452 0.0653854602456793 0.993003969739791 0.22511351298818 -0.00170021940488368 -0.00136206677826493
23.4599999999971 100.178167177131 0.133220087685672 0.068101655919279 0.992727067579801 0.225027450908178 -0.001781671771314 -0.0013169573552905
23.4999999999971 100.183446906623 0.130231564722123 0.0695692299222943 0.992577443806391 0.22497125153563 -0.00183446906623431 -0.00128751391796143
23.5399999999971 100.188604434137 0.127130698479249 0.0709333557346257 0.992438372205811 0.224917411442488 -0.00188604434137233 -0.00125635528934595
23.5799999999971 100.193638677592 0.124075999218206 0.0722403419913137 0.992305128042438 0.224864301402737 -0.00193638677592389 -0.00122512636619234
23.6199999999971 100.198548066081 0.120918505643814 0.0735196455404524 0.992174705047239 0.224813522811995 -0.00198548066080548 -0.0011927684524035
23.6799999999971 100.205669560004 0.116094591166004 0.0754357240473955 0.991979364826518 0.224740668020517 -0.00205669560004026 -0.00114547879775003
23.7199999999971 100.210258853389 0.112838656442619 0.0764509116627282 0.991875867119745 0.224694068078428 -0.0021025885338895 -0.00111230353655372
23.759999999997 100.214716415619 0.109574806943613 0.0775013313598777 0.991768767151295 0.224648898976632 -0.00214716415619478 -0.00107989292370945
23.799999999997 100.219043817488 0.106344366970291 0.0785128534853561 0.991665642083322 0.224604711210013 -0.00219043817487545 -0.00104651716855997
23.839999999997 100.22323634685 0.102940775408271 0.0794383658950937 0.991571285654162 0.224563589869512 -0.00223236346850172 -0.00101356483586954
23.899999999997 100.22927697585 0.0979774458853484 0.0806192295789119 0.991450905534886 0.224502972687736 -0.00229276975849643 -0.000963566665884912
23.939999999997 100.233137228177 0.0946003253509815 0.0813097292736215 0.991380491641917 0.224464937068407 -0.00233137228176929 -0.000930213011262993
23.999999999997 100.238676815061 0.0895859596512594 0.0823004937651173 0.991279478645766 0.224409909412002 -0.00238676815060899 -0.000878998126698463
24.059999999997 100.243911141064 0.0845502335555182 0.082880960930652 0.991220292235222 0.224358127451634 -0.00243911141064018 -0.000828098097249921
24.099999999997 100.247230175184 0.0811289564656477 0.0835311161162176 0.991154005726586 0.224325959424683 -0.00247230175184086 -0.000794496712544088
24.139999999997 100.250413743895 0.0776659081169697 0.0838949181054349 0.991116910178287 0.224295577591196 -0.00250413743895479 -0.000760188048665214
24.179999999997 100.253461358021 0.0743027849764957 0.0842000723539979 0.991085793629679 0.224265569878271 -0.00253461358021013 -0.000726291819828191
24.219999999997 100.256372476346 0.0709401059682762 0.0842629278981682 0.991079386877421 0.224236929380946 -0.00256372476345859 -0.000692617672474114
24.2799999999969 100.260487821884 0.0658605644427013 0.0844058825027216 0.9910647947811 0.224196830718076 -0.00260487821884453 -0.000641576438045775
24.3199999999969 100.263060328085 0.0624641689720136 0.084715030930619 0.991033267544822 0.224171906827138 -0.00263060328084975 -0.00060797243010299
24.3599999999969 100.265498450492 0.0591030688399172 0.0847793737509637 0.991026701365356 0.224147987647531 -0.00265498450491577 -0.000574021960338484
24.3999999999969 100.267802188988 0.0557295736442001 0.0846247925622893 0.991042455052592 0.224125556763919 -0.00267802188987844 -0.00054043280698906
24.4399999999969 100.269971543574 0.0523774698699668 0.0845476743237478 0.991050304693103 0.224104235307905 -0.00269971543573774 -0.00050650699658263
24.4999999999969 100.272975325002 0.0474018985570552 0.0843014432040602 0.991075396497565 0.224074281266513 -0.00272975325002335 -0.000456953687181283
24.5399999999969 100.274811913609 0.0440696819699156 0.0839743724610069 0.991108732162958 0.224056068119064 -0.00274811913608573 -0.000423667621232227
24.5799999999969 100.276516230428 0.0408179209681521 0.0836959812450449 0.991137106516467 0.224038427940038 -0.0027651623042766 -0.000391879831301338
24.6199999999969 100.278090927983 0.0375210564403687 0.0835314028304725 0.99115387367256 0.224022528325864 -0.00278090927982703 -0.000359296077308784
24.6599999999969 100.279537035851 0.0343098414667651 0.0830848856444824 0.991199388444994 0.224007064779053 -0.00279537035850808 -0.000326841571173162
24.7199999999969 100.281462605111 0.0295115616222148 0.0823653337708609 0.991272732026919 0.22398611330251 -0.00281462605111301 -0.000279221989511029
24.7599999999968 100.28258969984 0.026321020312281 0.0819389134440677 0.991316193951065 0.223973646974231 -0.00282589699840173 -0.000247246294246253
24.7999999999968 100.283589287312 0.0231943860449633 0.0813217789271052 0.991379101327259 0.223961816648099 -0.0028358928731177 -0.000216219751706745
24.8399999999968 100.284464560449 0.0201192012930136 0.0806295690976387 0.991449669414391 0.223950714970155 -0.00284464560449123 -0.000185412039824797
24.8799999999968 100.285217090393 0.017057889306443 0.0799632581611028 0.99151757937885 0.223940681532054 -0.00285217090393417 -0.000155419223282962
24.9399999999968 100.286120487493 0.0125338055966182 0.0788235240044536 0.991633760163027 0.223927257942679 -0.00286120487493463 -0.000109979893885992
24.9799999999968 100.286571980105 0.00956475915035071 0.0781167085116768 0.991705806324277 0.223919332689924 -0.00286571980104782 -8.10403907779289E-05
25.0199999999968 100.286907065078 0.00663449940765304 0.0772002426842101 0.991799231755321 0.223912197467306 -0.00286907065077685 -5.19425060346634E-05
25.0599999999968 100.287126283394 0.00375739961820898 0.0763648974183092 0.991884377813309 0.223905689311721 -0.00287126283394173 -2.30819107633806E-05
25.0999999999968 100.287231746479 0.000913590616718807 0.0753369045678536 0.991989168289538 0.223899971979783 -0.00287231746478938 4.94686789735965E-06
25.1599999999968 100.287178592174 -0.00327228168076488 0.0739670851274735 0.992128807195688 0.223892731790332 -0.00287178592174314 4.68472125206176E-05
25.1999999999968 100.287006299477 -0.00596377082614197 0.0728792332657251 0.992239701238279 0.223888282638443 -0.00287006299477071 7.37883186249633E-05
25.2399999999967 100.286725016544 -0.00871425055467512 0.0720675193024391 0.992322450747541 0.223885513294747 -0.00286725016543642 0.000100255022606603
25.2799999999967 100.286338477512 -0.0113363652054659 0.0709694552867784 0.992434377987393 0.223882512861257 -0.0028633847751189 0.000125588284878262
25.3199999999967 100.285850313259 -0.0138855568020659 0.0696586733159352 0.992568003416388 0.223879799449434 -0.00285850313259289 0.000152044746102291
25.3799999999967 100.284925234388 -0.0176834146928542 0.0681042331739617 0.992726452378516 0.223877412182375 -0.00284925234387629 0.000188476739094483
25.4199999999967 100.284186819685 -0.0200671377025827 0.0667380032519706 0.99286573556636 0.223875567013345 -0.00284186819684692 0.000213877358604719
25.4599999999967 100.283349483972 -0.0225175310777388 0.0656711396846434 0.992974481012912 0.223875357330921 -0.00283349483972415 0.000236341853852053
25.4999999999967 100.282419563155 -0.0248884856025029 0.0644889986215757 0.993094987423191 0.223875279111047 -0.0028241956315469 0.000259463507400426
25.5399999999967 100.281398627674 -0.0271940178951695 0.0631420438582977 0.993232300777312 0.22387545681548 -0.00281398627674207 0.000283599135394326
25.5999999999967 100.279694261844 -0.0304760722767554 0.0612646530987794 0.993423685492506 0.223875724789177 -0.0027969426184427 0.000315836713612754
25.6399999999967 100.278449551552 -0.0326722508997079 0.0598788047991189 0.993564948853607 0.223877046702051 -0.00278449551551603 0.000336780468770428
25.6799999999967 100.277122814092 -0.0347167455434629 0.0584349228344248 0.993712155345809 0.22387769245158 -0.00277122814091854 0.000357621171319238
25.7199999999967 100.275714591728 -0.036730014425217 0.057095030746882 0.993848735608586 0.223878820384775 -0.00275714591727592 0.000377441156221181
25.7799999999966 100.273452008958 -0.0396815908226955 0.054979255716413 0.994064411236272 0.223881345328341 -0.00273452008957975 0.000406504359665831
25.8399999999966 100.271019038744 -0.0424984730916691 0.0527608697624817 0.9942905762976 0.223884254169968 -0.00271019038744271 0.000433892203855493
25.8999999999966 100.268423149362 -0.0451650535477341 0.050675494746072 0.994503166447622 0.223887268778881 -0.00268423149362206 0.000461619846699506
25.9399999999966 100.266601756797 -0.0469241286807858 0.04930916044041 0.994642432582223 0.223889986467647 -0.00266601756797172 0.00047665729270534
25.9799999999966 100.264718425926 -0.0485363784782891 0.047861032270063 0.994790071031208 0.223891875668536 -0.00264718425925821 0.000493518933605799
26.0199999999966 100.262770555797 -0.0501224707278141 0.0463309989050815 0.994946041541801 0.223894128301121 -0.00262770555797033 0.000509169565040395
26.0599999999966 100.260759228026 -0.0516664137574026 0.044954752876778 0.995086321518992 0.223896594017933 -0.00260759228025563 0.000524301350633465
26.1199999999966 100.257632679073 -0.053853844731762 0.0427934534543536 0.995306652342032 0.223900123702381 -0.0025763267907314 0.000545551806633853
26.1599999999966 100.255478467909 -0.0552353886504733 0.0412085324396168 0.995468217235307 0.223902434997033 -0.00255478467908688 0.000559005432247517
26.1999999999966 100.25327135867 -0.0565269559052837 0.0396751846988887 0.995624533986918 0.223904334761822 -0.00253271358669736 0.000571901018197281
26.2399999999965 100.251011891989 -0.0578097140027722 0.0382620142201889 0.995768598341636 0.223906690372494 -0.00251011891989037 0.000584101748654149
26.2799999999965 100.248705321108 -0.0589271078082589 0.0364817778905852 0.995950084169693 0.223907863376288 -0.00248705321107991 0.000595165301346725
26.3399999999965 100.245161326602 -0.0606056921454012 0.0341878436331859 0.996183928085543 0.223910479011134 -0.00245161326602101 0.000611258319877806
26.3799999999965 100.242746794713 -0.061662041198943 0.0327979668433782 0.996325602999193 0.223912100811464 -0.0024274679471273 0.000622000258851614
26.4199999999965 100.24029100535 -0.0626610505172067 0.031330270048072 0.996475224558311 0.223913602488433 -0.00240291005349718 0.000631497896695095
26.4599999999965 100.237796611036 -0.0635470718821125 0.0296854854397042 0.996642898919931 0.223914305809344 -0.00237796611036174 0.00063999922604367
26.5199999999965 100.233992295107 -0.0648454576500512 0.0274628617403213 0.996869477570069 0.223915722645892 -0.00233992295106873 0.000652164218032851
26.5599999999965 100.231417445 -0.0655965338078062 0.0258869172575657 0.997030155809687 0.223915915229681 -0.00231417445000261 0.000660070215393773
26.5999999999965 100.22881140688 -0.0663182386307568 0.0244620612066901 0.997175389269311 0.223916125974298 -0.00228811406879686 0.00066644644748223
26.6399999999965 100.22617889347 -0.0670118080910669 0.0229893867025408 0.997325548042036 0.223916299778981 -0.00226178893470205 0.000672551845491398
26.6999999999965 100.222186753526 -0.0678864679933326 0.0209087646323515 0.99753762974762 0.223915364078127 -0.0022218675352633 0.000681494515887238
26.7399999999964 100.219497118029 -0.0683506096052469 0.0193462270279508 0.997696920076363 0.223913835145021 -0.00219497118028812 0.000685865457810024
26.7799999999964 100.216789995204 -0.0688285161371596 0.0179001303960881 0.997844340350736 0.223912618728428 -0.00216789995203726 0.000689802975024776
26.8199999999964 100.214066467015 -0.0692719704108242 0.0165113894268334 0.997985928287047 0.223911201517103 -0.00214066467015073 0.000693853119594508
26.8799999999964 100.209955265978 -0.0697215437574386 0.0142879974996694 0.998212572569028 0.223907185201543 -0.00209955265978351 0.000698959905270016
26.9399999999964 100.205817100592 -0.0700610341973942 0.0120954679832915 0.998436084959064 0.223902371823162 -0.00205817100591958 0.000701804682782807
26.9799999999964 100.203049661475 -0.0702577517711092 0.0106114121317041 0.998587440238867 0.223898946653067 -0.00203049661475234 0.000703538241288442
27.0399999999964 100.198885561433 -0.0704423664724629 0.00856112058848455 0.998796468347336 0.223892823532111 -0.00198885561432689 0.000705174245709515
27.0799999999964 100.196106481133 -0.0704459262860269 0.00723681908554985 0.998931668249981 0.223887583182826 -0.00196106481133029 0.000704985424125368
27.1199999999964 100.193327400484 -0.070520610689826 0.00591263328418154 0.999066465974611 0.223883033779504 -0.00193327400484122 0.000705276755630706
27.1799999999964 100.189161135932 -0.0703852602654109 0.00387912731875144 0.999274026970241 0.223873752926004 -0.00189161135931499 0.000703437598189964
27.2199999999964 100.186388931586 -0.0703155463529157 0.00259300509230312 0.999404812607963 0.223867711060532 -0.00186388931586407 0.00070213691076475
27.2599999999963 100.183623062447 -0.0701263357266839 0.00146638977465053 0.999520271754934 0.223860410869905 -0.00183623062446713 0.000700057965446064
27.2999999999963 100.180865640286 -0.0699378299436404 0.000193950428510607 0.999660115558795 0.223853047072785 -0.00180865640286356 0.000698405060887524
27.3399999999963 100.178115146002 -0.069696310472068 0.000930885232472508 0.999763733784748 0.22384504975215 -0.00178115146001801 0.000694289949795888
27.3999999999963 100.174015530967 -0.0692180593660652 0.00285616944547051 0.999960240887798 0.223831687162334 -0.00174015530967154 0.000689640683309705
27.4399999999963 100.171298876987 -0.0688859405401132 0.0039074263579597 1.00006745179908 0.223822465712775 -0.00171298876986839 0.000686753886290461
27.4799999999963 100.168597546406 -0.0683664698105986 0.00521529801990163 1.00020075094759 0.223811231325058 -0.0016859754640609 0.000681288084916787
27.5199999999963 100.165916843922 -0.0679457051345196 0.00645390995998195 1.00032702098187 0.223800757443276 -0.00165916843921877 0.000677084402432655
27.5799999999963 100.161930441973 -0.0671907760870738 0.00800328724237489 1.00048492881262 0.223783475635279 -0.001619304419728 0.000670247089317115
27.6199999999963 100.159296843573 -0.0666622266203518 0.00915114373051257 1.00060186820108 0.223771493382215 -0.0015929684357252 0.000664025655502059
27.6599999999963 100.156688638031 -0.0660334134795448 0.0102486698565165 1.00071390584055 0.223758234294653 -0.00156688638031483 0.000657997014371006
27.6999999999963 100.154104743968 -0.0654358187703679 0.0112713920725021 1.0008181672889 0.223745037837248 -0.00154104743967764 0.00065154505991373
27.7599999999962 100.150279147667 -0.0644870942377764 0.0123709952514202 1.00093028212516 0.22372422380746 -0.00150279147666879 0.000640856189966001
27.7999999999962 100.147762986016 -0.06370900164994 0.0137912840540128 1.00107482612726 0.22370855147013 -0.0014776298601646 0.000634142692168496
27.8399999999962 100.145275900257 -0.0629354972711837 0.0148942508273296 1.00118731779065 0.223692627827027 -0.0014527590025682 0.000626092557752571
27.8799999999962 100.142821083544 -0.0621447073088603 0.0155707061393353 1.00125646897599 0.223676249119344 -0.00142821083543822 0.000617828819320181
27.9199999999962 100.140396965668 -0.0614413442709036 0.0162772503896279 1.00132849494939 0.223660417442738 -0.00140396965667605 0.00061030682421972
27.9799999999962 100.136823730776 -0.0600741522325308 0.0178078371857992 1.00148453690867 0.223632902493334 -0.00136823730776086 0.000596664107464164
28.0199999999962 100.134485321352 -0.0592965208164173 0.0184305372239443 1.00154802108759 0.223615484858843 -0.00134485321352258 0.000587964473051272
28.0599999999962 100.132181833964 -0.0583692512594922 0.0191768414678081 1.00162408774364 0.223596187568322 -0.00132181833963841 0.000578399525048638
28.0999999999962 100.129918522318 -0.0574221205410907 0.020050883963675 1.00171317157234 0.223576323954093 -0.00129918522317894 0.000569831440863595
28.1599999999962 100.126590772532 -0.0560162260882038 0.0211934634905377 1.00182968849361 0.223546021381437 -0.00126590772531927 0.000555271492602856
28.1999999999962 100.124421127723 -0.054978699099749 0.0218420219449534 1.00189581033149 0.223524330940618 -0.00124421127722599 0.000544618354022788
28.2399999999962 100.122292739921 -0.0540030545348031 0.0223474037044659 1.00194733115599 0.223502812713076 -0.00122292739921249 0.000534380054017873
28.2799999999961 100.120204580016 -0.0529261163056276 0.0230628027195462 1.00202026050239 0.223479913301872 -0.00120204580016434 0.000523942278171461
28.3199999999961 100.118159248144 -0.0518540052379137 0.0239850280555598 1.002114239727 0.223456627488739 -0.00118159248144366 0.000513440064066515
28.3799999999961 100.115172709804 -0.050250035167366 0.0245765484271008 1.00217459022331 0.223420925612041 -0.00115172709804028 0.00049755770544067
28.4199999999961 100.113235826837 -0.0491266597237114 0.0254415269384313 1.00226270672021 0.223396042663122 -0.00113235826836899 0.000485795790296919
28.4599999999961 100.111343395547 -0.0480324733112951 0.0258591124574453 1.00230525041364 0.223371047483148 -0.0011134339554701 0.000474606700028204
28.4999999999961 100.109494874254 -0.0469466415911626 0.0262049691304234 1.00234060312406 0.22334565634877 -0.00109494874253869 0.000462589741501773
28.5599999999961 100.106813054299 -0.0451756415200038 0.0271180358812246 1.0024336559936 0.223305278423999 -0.00106813054298982 0.00044670383261419
28.5999999999961 100.105079858447 -0.04397726318183 0.0275198812800905 1.00247465328535 0.223277622386907 -0.00105079858447425 0.000434064547461617
28.6399999999961 100.103395337122 -0.0428250517503983 0.0279614421303248 1.00251965535558 0.223249961457935 -0.00103395337122492 0.000422285260875128
28.6799999999961 100.101757378783 -0.041641749784759 0.0282274394410769 1.0025467666938 0.223221517627331 -0.00101757378783077 0.000410248760287857
28.7199999999961 100.100169124897 -0.040443342459497 0.0285428840283428 1.00257895726167 0.223192445876975 -0.00100169124896638 0.000398673725266718
28.779999999996 100.097874049796 -0.0386408549235284 0.0290392193957778 1.00262955534412 0.223147893067081 -0.000978740497957915 0.000380328114534763
28.819999999996 100.096404855838 -0.0374516619161085 0.0292036798522226 1.00264633311207 0.223117702679269 -0.000964048558380455 0.000368065495071761
28.859999999996 100.09498536645 -0.0362033491401945 0.0295889964128296 1.00268561559953 0.223086478204878 -0.000949853664496914 0.000356044242468698
28.899999999996 100.093613521894 -0.0349813463460293 0.029929746992634 1.00272032214919 0.223055013860953 -0.000936135218944401 0.000343617980292947
28.939999999996 100.092291923007 -0.0337739014541683 0.0299729176807525 1.00272475801031 0.223023198980537 -0.000922919230069965 0.000331267106150648
28.999999999996 100.090401568217 -0.0318955623934869 0.0302204869592013 1.00274999741438 0.222973881901498 -0.00090401568217203 0.00031290360719396
29.039999999996 100.089202712057 -0.0306649524312945 0.0304164772191983 1.00276998050848 0.222940601598968 -0.000892027120571584 0.000300262213894342
29.079999999996 100.088054101216 -0.0294255919040012 0.0305566024202812 1.00278427020597 0.2229067653101 -0.000880541012156755 0.000287886207898396
29.119999999996 100.086954705883 -0.0281939490431427 0.0306397825497439 1.00279274357779 0.222872493888206 -0.000869547058828175 0.000275589201188495
29.179999999996 100.085397656658 -0.0263743037040882 0.0306826923520439 1.00279712107132 0.222820458328012 -0.00085397656657733 0.00025672648076565
29.219999999996 100.084422574728 -0.0251340116634537 0.0308103452131101 1.00281014640068 0.222784871101158 -0.00084422574727796 0.000244620996134159
29.2599999999959 100.083496167441 -0.02391946347268 0.030725901640391 1.00280154465963 0.222749088525512 -0.000834961674408987 0.000232299456516785
29.2999999999959 100.082618434797 -0.0226967559124205 0.0307278721352452 1.00280172699546 0.222712717468499 -0.000826184347970411 0.000219713973051228
29.3399999999959 100.081791488221 -0.0214735086642293 0.0307672041345657 1.00280575673413 0.22267583315393 -0.000817914882209152 0.000209099192905882
29.3999999999959 100.080636018422 -0.0196145813004165 0.0307186564557757 1.00280081345262 0.222619430437381 -0.000806360184215009 0.000190245079142528
29.4399999999959 100.079928621068 -0.0183767980773837 0.0307367785702259 1.00280264364883 0.222581259341553 -0.000799286210676655 0.000178369135545609
29.4799999999959 100.079268327681 -0.0171912802789365 0.0306023705283836 1.00278892449504 0.222543113425388 -0.000792683276813477 0.000166405416123325
29.5199999999959 100.078656708705 -0.0159243919272569 0.0306905623632863 1.00279790841084 0.222503667059588 -0.00078656708705239 0.000154238396890491
29.5599999999959 100.078091652947 -0.0148464121789686 0.0302764368251532 1.00275574352681 0.222465644147639 -0.00078091652947478 0.000142972991459942
29.6199999999959 100.07733083365 -0.0131165319115212 0.0300602056856354 1.00273367250329 0.222406640671612 -0.000773308336501941 0.000125504522798678
29.6599999999959 100.076881103101 -0.0119634743207939 0.0299062889859023 1.0027180033729 0.222366727550022 -0.000768811031011865 0.000113683466493768
29.6999999999959 100.076476364746 -0.0108523319649265 0.0296276722168241 1.00268957327064 0.222326797479714 -0.000764763647457585 0.000102375057708315
29.7399999999959 100.07611867832 -0.00968804815589408 0.0294802257503234 1.0026745478462 0.222285885578269 -0.000761186783201992 9.12381427490061E-05
29.7999999999958 100.075665230281 -0.00804037100449762 0.0289517012845251 1.00262071370145 0.222224671878994 -0.000756652302807197 7.50233102068876E-05
29.8399999999958 100.075417074724 -0.00692191594801272 0.0286533988837617 1.00259030462185 0.222183116671601 -0.000754170747241005 6.37162358933097E-05
29.8799999999958 100.075212828931 -0.00582789806369988 0.0284246569897314 1.00256698704811 0.222141380559162 -0.000752128289313987 5.30165360379442E-05
29.9199999999958 100.075051952968 -0.00482425766290362 0.027766735022494 1.00249990082841 0.222100114523262 -0.000750519529683515 4.28817380743851E-05
29.9599999999958 100.074932875112 -0.00366644163663921 0.0279665129215838 1.00252024684573 0.222056902570915 -0.000749328751116991 3.23594756288514E-05
