0.0400000000000205 76.836505999323 0.6148245811669 1.53960810367616 1.15668797999512 1 2.3163494000677 -0.119435632106209
0.0800000000000409 76.8961072629318 1.78254773359576 4.45892185913232 1.45427348124338 1 2.31038927370682 -0.237514227383491
0.120000000000061 77.003034827183 2.96910763298948 7.42533507086204 1.75666002501604 1 2.2996965172817 -0.356364472225762
0.160000000000082 77.1575186373666 4.15850352675645 10.3988157652966 2.05976655984553 1 2.28424813626334 -0.475361620548385
0.220000000000113 77.4785212440183 5.94450919745219 14.8638253815962 2.51491422502875 1 2.25214787559817 -0.654029173233091
0.280000000000143 77.9067636240507 7.73248651832826 19.3337760756284 2.97056524951653 1 2.20932363759493 -0.832890098309903
0.340000000000174 78.442360397079 9.52235781432726 23.8084447157024 3.42669686804467 1 2.1557639602921 -1.01193944148555
0.400000000000205 79.0854233725695 11.3140704348379 28.2877521547403 3.88330098794736 1 2.09145766274305 -1.19117085092562
0.440000000000225 79.5738889578497 12.5095412335429 29.7368111253664 4.03101182518257 1 2.04261110421503 -1.31075782680182
0.480000000000246 80.1101971509634 13.705799617004 29.8081450236433 4.03828162215204 0.865452315215962 1.98898028490366 -1.43042185682131
0.540000000000276 81.0044309381628 15.5016061591439 29.8449129887016 4.04202669836599 0.596230214721948 1.89955690618372 -1.59938248079914
0.600000000000307 81.9936454626732 16.9780107302035 29.0726557229018 3.96330196134982 0.34948942773609 1.80063545373268 -1.72566389198336
0.660000000000338 83.0457871448016 17.8127725684463 26.6912156456958 3.72054206636407 0.160677761415123 1.69542128551984 -1.78951353468454
0.700000000000358 83.7632682151161 17.976814491539 24.1197889039107 3.45841666124566 0.072468822019768 1.62367317848839 -1.80587474917331
0.740000000000379 84.4842994642677 17.9907521902195 21.1709909617552 3.15782324606453 0 1.55157005357323 -1.79222529825214
0.800000000000409 85.5513875121251 17.6452516128519 15.8279580097099 2.61316803754602 0 1.44486124878749 -1.7449185923172
0.86000000000044 86.5866292326245 17.0568421231537 9.87316491365929 2.00615205624671 0 1.34133707673755 -1.68607691663505
0.920000000000471 87.5865730418591 16.4686646375902 3.91461391794401 1.39875303867715 0 1.24134269581409 -1.6272695284574
0.960000000000491 88.2336015048204 16.0766822136272 0.207187529184033 1.02082390962943 0 1.17663984951796 -1.5880655520463
1.00000000000051 88.8649514046265 15.684793556018 3.23304140265 0.670140279562827 0 1.11350485953735 -1.54888224074992
1.06000000000054 89.7825879838783 15.0970641797599 6.78926820812302 0.307626947146978 0 1.02174120161217 -1.49011712424309
1.12000000000057 90.6649674127111 14.5094812419595 8.87316258867547 0.0951993398320924 0 0.933503258728888 -1.4313673928734
1.1800000000006 91.5121015763143 13.9221331780148 9.65424750898085 0.015580833155479 0 0.848789842368569 -1.37263645424437
1.24000000000063 92.3239984069951 13.3349153723356 9.79515732996442 0.00128889394643509 0 0.767600159300491 -1.31392156590184
1.28000000000065 92.8456930180546 12.9434658994486 9.79325449009757 0.00146607512698377 0 0.715430698194541 -1.27478280236175
1.32000000000068 93.3517330805771 12.5521606997537 9.79125609126709 0.0016614561443419 0 0.664826691942289 -1.2356556391571
1.38000000000071 94.0814486973686 11.9652781373849 9.78843946029285 0.00193218140574303 0 0.591855130263139 -1.17696806718221
1.44000000000074 94.7759577940451 11.378598077775 9.78581338912866 0.00218917214953177 0 0.52240422059549 -1.11830076461808
1.50000000000077 95.435267595225 10.7919472230713 9.78342663750295 0.00242409023528731 0 0.456473240477499 -1.05964760593422
1.54000000000079 95.8552580969408 10.4010122579024 9.78164964636877 0.00259940558688494 0 0.414474190305918 -1.02054978977577
1.58000000000081 96.2596082916716 10.010020986836 9.78027582981257 0.00273543387711622 0 0.374039170832839 -0.981456458234203
1.64000000000084 96.8368186452426 9.42370700255627 9.77801606888555 0.00295897370304736 0 0.31631813547574 -0.922830451704881
1.70000000000087 97.3788573488127 8.83754036668796 9.77571415869447 0.00318993875286132 0 0.262114265118726 -0.864212032265431
1.7600000000009 97.8857241581427 8.25140811043504 9.77373806186387 0.00338530276599187 0 0.211427584185731 -0.805609107355117
1.80000000000092 98.204101548763 7.86075414028817 9.77231108287942 0.00352992831517682 0 0.179589845123701 -0.766538307746772
1.84000000000094 98.5068526291288 7.47012896894741 9.77116741761297 0.00364389940020465 0 0.149314737087116 -0.727476901650267
1.90000000000097 98.9316822096007 6.88422036884091 9.76931161590424 0.00382922458076914 0 0.106831779039931 -0.668902382226645
1.960000000001 99.3213678373722 6.29848459266739 9.76752764380954 0.00400907471497293 0 0.0678632162627764 -0.610317109710009
2.00000000000102 99.5616298745153 5.90794807630623 9.76653551995246 0.00410745714024154 0 0.0438370125484653 -0.571267455977734
2.04000000000104 99.7862729665358 5.5174519461779 9.7656318785462 0.0041995528099827 0 0.0213727033464238 -0.532224981800655
2.10000000000107 100.093955102144 4.93179030114923 9.76436927900059 0.00432589058216283 0 -0.00939551021438092 -0.473662204032263
2.16000000000111 100.366500109318 4.34623191834017 9.76293451095588 0.00447070026145064 0 -0.0366500109317712 -0.415110716391794
2.22000000000114 100.603914271458 3.76068632795766 9.76173576535767 0.00459027552371185 0 -0.0603914271458052 -0.356556564055643
2.26000000000116 100.742674668552 3.37043376376708 9.76083196744653 0.00468153465180157 0 -0.0742674668552354 -0.317526268738506
2.30000000000118 100.865819803206 2.98005143824406 9.7604161495922 0.00472396184429328 0 -0.086581980320625 -0.278499102067239
2.36000000000121 101.021267839707 2.39456179635101 9.75980072268828 0.00478524187188108 0 -0.102126783970743 -0.219945275561945
2.42000000000124 101.141587683815 1.80921384454552 9.758645464304 0.00490232857313014 0 -0.114158768381458 -0.16140932259302
2.46000000000126 101.202288506785 1.41896229085398 9.75821243972756 0.00494563336035595 0 -0.120228850678541 -0.122384142204334
2.50000000000128 101.247380350716 1.02867980675244 9.75776983056825 0.00499051863503639 0.0187155806909877 -0.124738035071641 -0.0833587508861712
2.56000000000131 101.285747665563 0.443328659698551 9.75725169428407 0.0050428566196336 0.0734122931512847 -0.128574766556267 -0.0263108225424205
2.62000000000134 101.290781805641 -0.0973272419466014 9.6450274477836 0.0164823381493839 0.126966237781515 -0.129078180564102 0.0233991361994484
2.68000000000137 101.268605029094 -0.5072245237711 9.20621151400178 0.0612138123224899 0.170153588206157 -0.126860502909403 0.0601328199053299
2.7400000000014 101.226952843135 -0.789123999888233 8.44715428119417 0.138589848844362 0.20247770381103 -0.122695284313522 0.0848791691166625
2.78000000000142 101.191851115087 -0.908286983048512 7.7693429313324 0.207683929946428 0.217879293617254 -0.119185111508705 0.0967725513948508
2.82000000000144 101.152506229118 -1.0016084212854 7.02704942606301 0.283351137168233 0.231116279554415 -0.115250622911844 0.103536693199854
2.88000000000147 101.089160005096 -1.07819946105697 5.7550963726113 0.413010238139714 0.245061143889363 -0.108916000509635 0.108921336875991
2.92000000000149 101.04541315767 -1.10008686604752 4.83418061795484 0.506885658281699 0.251590693398875 -0.104541315766983 0.111092985822485
2.96000000000151 101.001020759926 -1.11070277345098 3.88507418239403 0.603634791207755 0.257055624854751 -0.100102075992618 0.111043859878873
3.02000000000155 100.934787018108 -1.09942919770731 2.5052530682617 0.744289838623965 0.26249594075192 -0.0934787018108182 0.108945693461234
3.06000000000157 100.891441426822 -1.07977077523799 1.77274013722549 0.81896029778404 0.264826989314774 -0.0891441426821984 0.1069722675896
3.1200000000016 100.828174358467 -1.04121590524132 0.865115455254354 0.91148180224914 0.267240252445185 -0.082817435846664 0.102504442866237
3.18000000000163 100.767700544093 -0.9928216250741 0.211392284495726 0.978125033272375 0.268389751420118 -0.0767700544092804 0.0974517855618117
3.22000000000165 100.729123571306 -0.956401117182693 0.113135255502779 1.01118884055578 0.268566192260692 -0.0729123571305536 0.0938239402039841
3.28000000000168 100.674036366632 -0.900041662472063 0.445426539395438 1.04507036783828 0.268379854570287 -0.0674036366632208 0.0880870295295665
3.34000000000171 100.622407999588 -0.842173864302126 0.671909659207601 1.06815872809322 0.267696732112793 -0.0622407999588177 0.0823084003110893
3.38000000000173 100.589911806863 -0.80374011940377 0.766762666418224 1.07782815642692 0.267063555275651 -0.0589911806862801 0.0784664167322958
3.44000000000176 100.544014561921 -0.747294253378527 0.855417453262076 1.08686602958485 0.26594971253471 -0.0544014561921358 0.0728899824143511
3.50000000000179 100.501430131495 -0.692432311850396 0.907615474325371 1.09218709669401 0.264663124350211 -0.0501430131494999 0.0675115681728627
3.54000000000181 100.4748136868 -0.657759811313269 0.91822014392633 1.09326835507656 0.263818417421748 -0.0474813686800189 0.0640408212611973
3.60000000000184 100.437432427774 -0.607538731331061 0.917455221184439 1.09319061036026 0.262476073439365 -0.0437432427774183 0.0591743021618584
3.66000000000187 100.40292812814 -0.560319046329468 0.897041187969595 1.0911098755984 0.261146377408239 -0.0402928128140047 0.0545470975261424
3.70000000000189 100.38144235895 -0.530853778210968 0.875047452355285 1.08886799261235 0.26030982350025 -0.0381442358950153 0.0516019313258468
3.76000000000192 100.351362488698 -0.488602728348511 0.836209077399991 1.08490905447037 0.259035078575089 -0.0351362488698214 0.0475543408735234
3.80000000000194 100.332643170375 -0.462444973268632 0.805553785946971 1.08178422082817 0.258252890582137 -0.0332643170375377 0.044925964237261
3.84000000000196 100.3149559882 -0.437173459303708 0.775307781903003 1.07870109759699 0.25745628442347 -0.0314955988200381 0.0425106604265721
3.900000000002 100.290198406088 -0.402127568030906 0.725768037765965 1.07365121883491 0.256370417873394 -0.0290198406088166 0.0391232917656694
3.96000000000203 100.267446456128 -0.369271812009174 0.677847225099161 1.06876639445915 0.255303217153997 -0.02674464561278 0.0359205996786272
4.02000000000206 100.246561042615 -0.339005227765099 0.631851185964782 1.06407772825044 0.254308512108699 -0.0246561042615213 0.0329737700242816
4.08000000000209 100.227396141505 -0.311098038182209 0.585939362489006 1.05939765641972 0.253377888719436 -0.0227396141504869 0.0302562550781019
4.12000000000211 100.215504838387 -0.294065577645242 0.554891549489352 1.05623276248594 0.252826268721113 -0.0215504838386551 0.0285505971445957
4.16000000000213 100.204281230341 -0.277676496635166 0.527323003301204 1.05342252954252 0.252272355349399 -0.0204281230340712 0.0269814131652254
4.22000000000216 100.188599205925 -0.254965711795819 0.485742485724509 1.0491839737507 0.251513587734642 -0.0188599205925129 0.0247966589977722
4.28000000000219 100.17420281528 -0.233912555367283 0.449407072643667 1.04548011372323 0.250792163308839 -0.0174202815280296 0.022748040490157
4.34000000000222 100.161002126057 -0.214485251369723 0.414392442474107 1.04191084650776 0.250113842440844 -0.0161002126056701 0.0208559050798783
4.40000000000225 100.148905583308 -0.196694263823659 0.380949872925452 1.03850187381663 0.249488954096823 -0.0148905583308078 0.0191290736402081
4.44000000000227 100.141402381472 -0.185935021351725 0.359514692995164 1.0363168406551 0.249126459285865 -0.014140238147229 0.0180504033158741
4.48000000000229 100.134323552949 -0.175520004717285 0.338953059625454 1.03422087912215 0.248756010574479 -0.0134323552949354 0.0170540529131046
4.54000000000232 100.124433836434 -0.16117623868692 0.310831761207097 1.03135437096521 0.248255493367595 -0.0124433836434037 0.0156746725993386
4.60000000000235 100.115358381066 -0.147726172629845 0.286557322349248 1.02887993352396 0.247762986474154 -0.0115358381066471 0.0143782091859819
4.66000000000238 100.1070416359 -0.135494116142993 0.263761914008253 1.02655635118992 0.247316514466098 -0.0107041635899805 0.0131817226170412
4.7000000000024 100.101884950069 -0.128006900332721 0.248690600070501 1.02502003406197 0.247046885872367 -0.0101884950068779 0.0124422870426656
4.74000000000242 100.097017660504 -0.120961356633174 0.233816327310043 1.02350383930827 0.246792540139915 -0.0097017660504207 0.0117487868065126
4.80000000000246 100.090223589097 -0.11098335441919 0.214284036594146 1.02151278556129 0.246419454899363 -0.00902235890971497 0.0108076529767487
4.86000000000249 100.083985621925 -0.101944741594863 0.196404597467313 1.01969027286951 0.246084731401499 -0.00839856219245121 0.00990795124213832
4.92000000000252 100.078270896454 -0.0934438040101355 0.181205234254949 1.01814094008852 0.24575158944634 -0.00782708964543417 0.00909070292588154
4.96000000000254 100.074727357249 -0.0883416821898919 0.171018645482764 1.01710257400591 0.245559376671968 -0.00747273572487757 0.00857018923094302
5.00000000000256 100.071386475582 -0.0833226608720565 0.16101488613105 1.01608282660749 0.245355263470927 -0.00713864755816758 0.00808703372319286
5.06000000000259 100.066725109471 -0.0765427452707144 0.147384472127599 1.01469340730137 0.245089031575701 -0.00667251094710082 0.00745286064009036
5.12000000000262 100.062440471025 -0.0703611440655578 0.135160380687595 1.0134473341411 0.244844980349268 -0.00624404710251838 0.00683848304738604
5.18000000000265 100.058515614248 -0.0644815827087228 0.124525621675516 1.0123632618471 0.244595243487669 -0.00585156142478809 0.00627345430949191
5.22000000000267 100.056081577786 -0.0609960144006152 0.117707431762589 1.01166824875449 0.244453879602442 -0.00560815777862445 0.00591672794279248
5.26000000000269 100.053787230398 -0.0575606609629773 0.110966479336981 1.01098109125168 0.244303673216288 -0.00537872303975746 0.00559538833145865
5.32000000000272 100.050582425087 -0.0528451350182593 0.101502982578186 1.01001641934777 0.244098445295097 -0.0050582425086759 0.00514208384271626
5.38000000000275 100.047643734026 -0.0485712786781534 0.0928328552669245 1.0091326221968 0.24391082252568 -0.00476437340257689 0.00472943767624514
5.44000000000278 100.044947875198 -0.0446061244835789 0.0854036721278255 1.00837528454739 0.243729825694437 -0.00449478751979768 0.00434318833898573
5.50000000000281 100.042477414012 -0.0409535759531963 0.0787231619471162 1.00769429468538 0.243557571639989 -0.00424774140119553 0.00398743548530263
5.54000000000283 100.040945404675 -0.0387964701646837 0.0739780075720899 1.00721056016052 0.243459044770323 -0.00409454046748579 0.00376634671535641
5.58000000000285 100.039500185638 -0.0366125377038315 0.0696792693938235 1.00677241035031 0.243349178171486 -0.00395001856377348 0.00356729439924521
5.64000000000289 100.037478895858 -0.0337155763681238 0.0636362292378292 1.00615637615041 0.243207654278666 -0.00374788958579302 0.00327964827729232
5.70000000000292 100.035626318073 -0.0310366709375671 0.0584224134626954 1.00562489897279 0.243071142018765 -0.00356263180729002 0.00301974353965164
5.76000000000295 100.033925069496 -0.028502364067819 0.0537245875942563 1.00514602897392 0.242933934730929 -0.00339250694960356 0.00277424960013661
5.80000000000297 100.032872388721 -0.026969877446902 0.0508180155243571 1.00484976261425 0.242850019840598 -0.00328723887214437 0.00261976290351811
5.84000000000299 100.031879482209 -0.025489642435744 0.0477987033758185 1.00454191241291 0.242765424220842 -0.00318794822087511 0.0024825242395579
5.90000000000302 100.030490368605 -0.0235489175579318 0.0435181484860555 1.00410567141717 0.242656444550537 -0.003049036860466 0.00229108496528454
5.96000000000305 100.029213926988 -0.0215926939365545 0.0401837599621939 1.0037657452935 0.24253467544894 -0.00292139269877225 0.00210528019615026
6.02000000000308 100.028045933926 -0.0198789143254174 0.0369997990837543 1.0034411549182 0.242426327825257 -0.0028045933926478 0.00193681977071805
6.0600000000031 100.027322281851 -0.018888667284358 0.0347759268997879 1.00321453824183 0.242363816938673 -0.00273222818505019 0.0018400719213048
6.10000000000312 100.026636745315 -0.0178785998460427 0.0329016830449433 1.00302347399672 0.242295540100093 -0.00266367453150451 0.00173505627309822
6.16000000000315 100.025683537824 -0.0164544400489461 0.0301263157467297 1.00274056462157 0.242194736888819 -0.00256835378240794 0.0016082127943605
6.22000000000318 100.024803856621 -0.0152717433910112 0.0273208536844542 1.00245462457334 0.242110727362716 -0.00248038566205651 0.00148481228149677
6.28000000000321 100.023998783901 -0.0140195192288672 0.0253143901356163 1.00225009291512 0.242012353791022 -0.00239987839013338 0.00136648142967886
6.32000000000323 100.023498415714 -0.0133921712843659 0.0238028668255477 1.00209601298713 0.241963859705551 -0.00234984157141298 0.00129502509524144
6.36000000000325 100.023027123418 -0.0126531801964092 0.0223549994871798 1.00194841906246 0.241901321358441 -0.00230271234177053 0.0012294388613995
6.42000000000328 100.022369644139 -0.0116433947172538 0.0205949541192982 1.00176901376232 0.241812465678247 -0.0022369644138962 0.0011388045375881
6.48000000000332 100.021766633727 -0.0107783472399205 0.019062860917505 1.00161276001737 0.241732636911591 -0.00217666337266564 0.00105108433619137
6.54000000000335 100.021213920438 -0.0099331243847729 0.0174675036551109 1.00145019831441 0.241649816178384 -0.00212139204377309 0.000972019931765544
6.60000000000338 100.020706687821 -0.00919136772901652 0.0160882741610667 1.00130961472 0.241572793997888 -0.00207066878210753 0.000903084632089701
6.66000000000341 100.020241793827 -0.00851152758480112 0.0148604540370334 1.00118447192942 0.241497729606274 -0.00202417938271537 0.000831309487382725
6.72000000000344 100.019816586282 -0.00791594236808635 0.0136971731079275 1.00106583913095 0.241427143938558 -0.00198165862821043 0.000774334694304457
6.78000000000347 100.019424677826 -0.00735173455011306 0.0123628567324297 1.00092986299206 0.241356399504481 -0.00194246778264642 0.000717816815394201
6.8400000000035 100.019066120265 -0.00680059280169587 0.011476088531993 1.00083934410563 0.241283626587937 -0.00190661202650517 0.000668180696007426
6.90000000000353 100.018736149184 -0.00632047145300874 0.010482274779761 1.000738152313 0.241215124705076 -0.00187361491844058 0.000615575418335368
6.96000000000356 100.018434712663 -0.00591411922685836 0.00952138118665011 1.00064021967282 0.241151146278514 -0.00184347126632929 0.000578205067220949
7.02000000000359 100.018154986319 -0.005519878164435 0.00878398633924097 1.00056501377754 0.241086235592417 -0.00181549863191321 0.000534711945266508
7.08000000000362 100.017901682761 -0.00515690402230007 0.00789657479884757 1.0004746024668 0.241021809319789 -0.00179016827605665 0.00051027120837972
7.14000000000365 100.017665324965 -0.00485216800406363 0.00723440001899202 1.00040706711356 0.240961539924987 -0.00176653249654919 0.000470996564450843
7.20000000000368 100.017450136482 -0.00443592588599984 0.0068619911351736 1.00036911258825 0.240888002989066 -0.00174501364817843 0.000440432982182415
7.26000000000371 100.017253464554 -0.00419514249354336 0.00622280324435245 1.00030398132824 0.240830187911949 -0.00172534645535052 0.000411974807009585
7.32000000000374 100.017070545 -0.00399734126665408 0.00540382974830394 1.00022032973197 0.240775295813909 -0.00170705450000241 0.000385706719366397
7.36000000000377 100.016958487686 -0.00379083081843135 0.00531528027400035 1.00021137900237 0.240730275521832 -0.00169584876857698 0.000369734002079269
7.4200000000038 100.016801501275 -0.00350752026908197 0.00503778611476858 1.00018310971475 0.240664266819057 -0.00168015012750402 0.000350219092955229
7.48000000000383 100.016655614483 -0.00337222877867305 0.00446885991503611 1.00012508709553 0.240611977702076 -0.00166556144831702 0.000330460420518364
7.54000000000386 100.016520879115 -0.00317878018221052 0.00419015091190111 1.00009672682687 0.240552757732122 -0.0016520879114978 0.000308721244040555
7.60000000000389 100.016398272943 -0.00299153090529103 0.00361845860169939 1.0000383703072 0.240492944774526 -0.00163982729427516 0.000295244621052859
7.66000000000392 100.01628573623 -0.00282955641004889 0.0034220138052924 1.00001828689566 0.240434707632702 -0.0016285736230202 0.000277994364734013
7.70000000000394 100.016214934993 -0.00277460005678165 0.00326446352913388 1.00000238326547 0.240400744784241 -0.0016214934992604 0.000267444751710855
7.74000000000396 100.01614943915 -0.00263640030381396 0.00306140390269024 0.999981355964899 0.240357927056264 -0.00161494391504675 0.00026221207428847
7.78000000000398 100.016085513984 -0.00258977398974025 0.00277637422015077 0.999952533365079 0.240324164888196 -0.00160855139838532 0.000251415891081308
7.84000000000401 100.015996257542 -0.00248066134555813 0.00256085188760481 0.999930607907413 0.240268885904438 -0.00159962575417012 0.000245273808053526
7.88000000000403 100.015939208097 -0.00241164518871528 0.00240995210754731 0.999915076571143 0.240232213104063 -0.00159392080968246 0.00022872632983848
7.94000000000406 100.015863162349 -0.002229497869493 0.00238107914670159 0.999912196697648 0.240168337215551 -0.00158631623489782 0.000226777189456584
8.00000000000409 100.0157913398 -0.00212975787115965 0.00216520486740506 0.999889895825831 0.240112307381056 -0.00157913397997618 0.000221167116781373
8.06000000000412 100.015724822064 -0.00202765197879273 0.00201317951732557 0.99987463888921 0.240055510475819 -0.00157248220639303 0.000207274244128541
8.10000000000414 100.015682064928 -0.00204293684045354 0.0018369731770844 0.99985673870171 0.240025822615844 -0.00156820649281144 0.000199473892728008
8.16000000000417 100.015622422681 -0.00201996597310483 0.00151401200267831 0.999823734593382 0.239976306947801 -0.00156224226811901 0.000190025079554346
8.2000000000042 100.015586541151 -0.00192035580818128 0.00149381873296076 0.999821606253227 0.239934442024635 -0.00155865411506966 0.000189244288669954
8.24000000000422 100.015552771278 -0.00187541449503215 0.00152102380546642 0.99982452276217 0.239897888104477 -0.00155527712777257 0.000184492596936536
8.28000000000424 100.015519001172 -0.00183307307955261 0.00145435067655644 0.9998177248985 0.239861538913787 -0.00155190011719242 0.000180351910086074
8.34000000000427 100.015474680578 -0.00171953140338132 0.00128344001869923 0.999800241433705 0.239801461641319 -0.00154746805783361 0.000170953943090524
8.38000000000429 100.015446704347 -0.00172911999641201 0.00114227802121949 0.999785704076657 0.239769753705856 -0.00154467043466866 0.00016823803678534
8.44000000000432 100.015406118007 -0.00162584469431692 0.00136688315472683 0.999807929316801 0.239710357287158 -0.00154061180073768 0.000164364920914295
8.48000000000434 100.015380793833 -0.00164808506744407 0.00107242527545853 0.999778501304457 0.239679676965751 -0.00153807938331738 0.00015579397200014
8.54000000000437 100.015346001019 -0.001629795871537 0.000960955030838782 0.999766198674151 0.239628199805182 -0.001534600101877 0.000158436591972588
8.6000000000044 100.01531228947 -0.00149874083172108 0.00107377205574722 0.999777726135882 0.23956533793367 -0.00153122894698754 0.000153483700016466
8.66000000000443 100.015282259788 -0.00148686964111278 0.000905067830856623 0.99976152872915 0.239514026260342 -0.00152822597883642 0.000149017886369052
8.70000000000445 100.015262239962 -0.00147833354802174 0.000827197069961307 0.999753151977437 0.239479765499331 -0.00152622399618849 0.000143619051927146
8.76000000000448 100.01523854502 -0.0014248219469124 0.000726853034322545 0.999742839050928 0.23942368395277 -0.00152385450201109 0.000142525506123548
8.8000000000045 100.015223289025 -0.00141136176699774 0.000691146645115408 0.999739347997487 0.23938848204173 -0.00152232890250161 0.000139742994446124
8.86000000000453 100.015199593268 -0.00139048500001593 0.000650537080893554 0.99973479813704 0.239335691701863 -0.00151995932683349 0.000137768357153334
8.90000000000455 100.015184336808 -0.00137600473232169 0.000470669274735747 0.999716645854532 0.239300387828611 -0.00151843368075788 0.000134118546928619
8.96000000000458 100.015164374723 -0.00134770443975185 0.000604514829146372 0.999730592412565 0.239246509410756 -0.00151643747230992 0.000130284581578621
9.02000000000461 100.015145442099 -0.00135779494958399 0.000462759312728073 0.999715399030474 0.239196367127072 -0.00151454420993105 0.000131053324564334
9.08000000000465 100.015129161649 -0.0013106378967791 0.000466622766825861 0.999716035945185 0.23914026251153 -0.00151291616493836 0.000122363571162509
9.14000000000468 100.015115533606 -0.001232777847747 0.00052455395377699 0.999722553968715 0.239080822355695 -0.00151155336061493 0.000129856029504083
9.1800000000047 100.015105040045 -0.00124126547643755 0.000474515974271834 0.999717169680976 0.239047366623867 -0.00151050400454551 0.000119739440350486
9.24000000000473 100.015092981979 -0.0012687966566034 0.00034928493523996 0.999704131450409 0.23899833623504 -0.00150929819792509 0.000123613751902951
9.28000000000475 100.015084058861 -0.00118274397357254 0.000515773940512211 0.999719960209729 0.238955297069561 -0.00150840588612482 0.000114663457469533
9.34000000000478 100.01507465262 -0.00114434028112953 0.000462461834139764 0.999715804600647 0.238899435652803 -0.00150746526196599 0.000115698963034561
9.3800000000048 100.015068381559 -0.00117084090140906 0.000345500550937982 0.999703921672066 0.238867386611911 -0.00150683815591037 0.000115310084045461
9.44000000000483 100.015058433521 -0.00117368493822312 0.000354756352329617 0.999705156050449 0.238815704147769 -0.00150584335206077 0.000120204718625416
9.48000000000485 100.015051620896 -0.0012275014765919 0.000245440289188152 0.999691467927924 0.238786468496884 -0.00150516208959743 0.000122505311632892
9.54000000000488 100.015041131293 -0.00121706187073301 0.00011556720021876 0.999674286317221 0.238733539466674 -0.00150411312934011 0.000120771878189885
9.5800000000049 100.015034318203 -0.00121668651411255 0.000116913805431612 0.999676544903561 0.238698912314648 -0.00150343182031065 0.000117851314550421
9.62000000000492 100.015028045746 -0.00118487859994332 0.000147613158908221 0.999681622855065 0.2386610602018 -0.00150280457455665 0.000117759134829498
9.66000000000494 100.015021773172 -0.00118459429766915 0.000156446808318042 0.999683416702666 0.238626388103574 -0.00150217731716111 0.000117687182591908
9.70000000000496 100.015015500365 -0.0011861506507671 0.000136975408278185 0.999660211087463 0.238591900094169 -0.00150155003648251 0.000118072684472281
9.76000000000499 100.015006090747 -0.00118386758890665 0.000122924831914981 0.999663431962399 0.238539734003447 -0.00150060907471925 0.000119232477172204
9.80000000000501 100.014999817475 -0.00118610560862464 0.000138710183061625 0.999661870484273 0.238505314207269 -0.00149998174747452 0.000116596543095682
9.86000000000504 100.014990407042 -0.00117418179617346 0.000118252700523587 0.999677382746009 0.238452184122979 -0.00149904070422053 0.000118132545522087
9.90000000000506 100.014984133188 -0.00117438730502784 0.000151348105814118 0.999683193396083 0.238417588775714 -0.00149841331876814 0.00011531615770366
9.9600000000051 100.01497472194 -0.00115397296163167 0.000166865026791557 0.999683978478381 0.238363637361611 -0.00149747219402343 0.00011614577097987
