0.0400000000000063 76.8264381882036 0.12968104294994 0.326766432768108 1.0330551627466 1 1.15867809058982 0
0.0600000000000094 76.8409519859124 0.722899357066169 1.8101807120701 1.18423764699351 1 1.15795240070438 0
0.0800000000000125 76.8671073650476 1.30605974943896 3.26858028220004 1.33286709407832 1 1.15664463174762 0
0.100000000000016 76.9050433608936 1.89553161832906 4.7420811049362 1.48309029878206 1 1.15474783195532 0
0.140000000000022 77.0165137310978 3.08267606661175 7.71005284378211 1.78563685286613 1 1.14917431344511 0
0.160000000000025 77.0900821210817 3.67728275348591 9.1966406433726 1.93717410967552 1 1.14549589394592 0
0.180000000000028 77.1755488299532 4.27219145385841 10.6839893620661 2.08878940298917 1 1.14122255850234 0
0.200000000000031 77.2729186547222 4.86734250057296 12.1719461677824 2.24046725340307 1 1.13635406726389 0
0.220000000000034 77.3821963737719 5.46273807979708 13.6604676267267 2.39220307010762 1 1.13089018131141 0
0.240000000000038 77.5033860966796 6.05834167474121 15.149494403409 2.54399066335186 1 1.12483069516602 0
0.260000000000041 77.6364922325592 6.65416618164598 16.6390878744187 2.69583632396661 1 1.11817538837204 0
0.300000000000047 77.9384708335856 7.84647255458961 19.6198462244758 2.99968826884805 1 1.10307645832072 0
0.32000000000005 78.107351743849 8.44293810131336 21.1109942235912 3.15169271538958 1 1.09463241280755 0
0.340000000000053 78.2881658002734 9.0396063634215 22.6026644031359 3.30375036239616 1 1.08559170998633 0
0.360000000000056 78.4809175535338 9.63650595852504 24.0948977155116 3.45586542133271 1 1.07595412232331 0
0.380000000000059 78.6856106978375 10.2335845511217 25.5875449542876 3.60802259251462 1 1.06571946510812 0
0.400000000000063 78.9022494268138 10.8308832212574 27.0807646463258 3.76023800931803 1 1.05488752865931 0
0.440000000000069 79.3713797583478 12.0260551939353 29.7418548237602 4.03150358341432 1 1.03143101208261 0
0.460000000000072 79.6238794162637 12.6239484100436 29.7532896891356 4.0326747031008 1 1.01880602918682 0
0.500000000000078 80.1647668823134 13.8202991672262 29.8123071635456 4.038695903986 1 0.991761655884329 0
0.540000000000084 80.7535314701963 15.0174233117434 29.8370951936358 4.04122472452074 1 0.962323426490184 0
0.560000000000088 81.0658765897388 15.6162491478412 29.8475733809063 4.0422935068 1 0.946706170513062 0
0.600000000000094 81.7265118075302 16.8144809373638 29.8679035873117 4.04436612951975 1 0.913674409623491 0
0.620000000000097 82.0748089606641 17.4138413915354 29.87778417488 4.04537291741694 1 0.896259551966796 0
0.660000000000103 82.8073816590477 18.6131776989478 29.8975207157786 4.04738312922639 1 0.859630917047616 0
0.680000000000106 83.191663855454 19.2130920875727 29.9071917380719 4.04836778067443 1 0.840416807227302 0
0.700000000000109 83.587947811815 19.8131793874085 29.9167535589643 4.04934112181311 1 0.820602609409252 0
0.720000000000113 83.9962367193075 20.4134458514462 29.9262600664506 4.05030868077332 1 0.800188164034626 0
0.760000000000119 84.8488441412337 21.6144864019099 29.9449577293474 4.05221134672562 1 0.757557792938314 0
0.780000000000122 85.2931691613048 22.2152403188936 29.9541557101895 4.05314720077807 1 0.735341541934758 0
0.800000000000125 85.7495125486748 22.8161616080688 29.9632218465778 4.05406957771596 1 0.712524372566259 0
0.840000000000131 86.6982683463721 24.0184958725585 29.9811446140229 4.05589291056898 1 0.665086582681397 0
0.860000000000134 87.190686993883 24.6199292456479 29.9900015692787 4.05679392157626 1 0.64046565030585 0
0.880000000000138 87.6951367268339 25.2214697443332 29.9986617382843 4.05767486998799 1 0.615243163658306 0
0.920000000000144 88.7401437929366 26.425103064404 30.0158697040528 4.05942531345973 1 0.562992810353171 0
0.940000000000147 89.2807061607018 27.0271119556284 30.0242818933068 4.06028098255834 1 0.535964691964909 0
0.980000000000153 90.3979638889432 28.2315644177832 30.0407872859459 4.06195978186525 1 0.48010180555284 0
1.00000000000016 90.9746663965052 28.8340931233493 30.0490842932644 4.06280367985919 1 0.45126668017474 0
1.02000000000016 91.5634195886087 29.4366669020866 30.0571136718677 4.06362027308406 1 0.421829020569567 0
1.06000000000017 92.7770941107301 30.6422974705478 30.0728399006659 4.06521948053815 1 0.361145294463495 0
1.08000000000017 93.4020204768749 31.2452738067019 30.0804896279525 4.06599728234197 1 0.329898976156255 0
1.10000000000017 94.0390099302167 31.8484715157055 30.0882604967205 4.06678739275735 1 0.298049503489165 0
1.12000000000018 94.6880659615854 32.4517643164244 30.0958215597723 4.06755606632115 1 0.265596701920731 0
1.16000000000018 96.0223828590242 33.6586766048057 30.1104914495043 4.06904718977193 1 0.198880857048789 0
1.18000000000018 96.7076498693787 34.2623556262402 30.1178003288865 4.06979001248661 1 0.164617506531067 0
1.20000000000019 97.4049918560777 34.8661077103707 30.1248737005928 4.07050878109776 1 0.129750407196116 0
1.24000000000019 98.8359129958553 36.0739737582929 30.1386974969909 4.07191323728477 1 0.0582043502072338 0
1.2600000000002 99.5694963738788 36.678175979823 30.1456171589927 4.07261618669292 1 0.0215251813060604 0
1.2800000000002 100.315165290376 37.2824143718169 30.1523600690649 4.07330106214498 0.984241735481191 -0.0157582645188086 0
1.3000000000002 101.072925592423 37.8869500727153 30.1593218945426 4.0740082064076 0.930595455860021 -0.0536462796211708 0
1.34000000000021 102.624708715244 39.0959540908923 30.1721002652575 4.07530559935707 0.799360020097811 -0.13123543576221 0
1.38000000000022 104.223249548464 40.2370532429494 30.0137160521225 4.05915504976436 0.588197542674607 -0.211162477423204 0
1.40000000000022 105.038990218658 40.785956515623 29.8796522891081 4.04548627868485 0.336248031741707 -0.2519495109329 0
1.42000000000022 105.863602427184 41.2294763030397 29.4820173282825 4.0049498684471 0.043067910382524 -0.293180121359183 0
1.44000000000023 106.697076051962 41.6727123583237 29.0832802816185 3.96430109659151 0 -0.334853802598082 0
1.48000000000023 108.376380035654 42.0166884069128 26.9285306184347 3.74464722015905 0 -0.418819001782686 0
1.50000000000023 109.213415243663 41.8506526375778 25.0054471051411 3.54861146186805 0 -0.460670762183145 0
1.52000000000024 110.046423372813 41.6493417994989 22.9939382199618 3.34356191597172 0 -0.502321168640628 0
1.54000000000024 110.87540756457 41.4482155163923 20.9826439875513 3.13853426155894 0 -0.54377037822851 0
1.58000000000025 112.521333315992 41.0467572837623 16.9609995480464 2.72857521714213 0 -0.62606666579959 0
1.60000000000025 113.338276446564 40.8461142964603 14.95001229162 2.5235788840825 0 -0.666913822328206 0
1.62000000000025 114.151206250535 40.6455119341834 12.9387290323216 2.31855238703505 0 -0.707560312526766 0
1.64000000000026 114.960126951919 40.4450431644735 10.9276705468334 2.11354879437186 0 -0.748006347595947 0
1.66000000000026 115.765038550133 40.2445425734675 8.91591468291512 1.90847409612461 0 -0.788251927506644 0
1.68000000000026 116.565938392887 40.044052107852 6.90409398343423 1.70339276726754 0 -0.828296919644345 0
1.70000000000027 117.362833356252 39.8436987962775 4.89187532533736 1.49827068954808 0 -0.868141667812597 0
1.74000000000027 118.944606585195 39.4432297573972 0.868242123609325 1.08810429242468 0 -0.947230329259764 0
1.76000000000028 119.729486910393 39.2430111370549 1.11258349025754 0.886193745683509 0 -0.986474345519673 0
1.78000000000028 120.510362356436 39.0427115922523 2.98587994796456 0.695230683171796 0 -1.02551811782178 0
1.80000000000028 121.287236064789 38.8426608246538 4.85825791087291 0.504363573768234 0 -1.06436180323944 0
1.82000000000028 122.060109117185 38.6426194967012 6.46715734523401 0.340355233258192 0 -1.10300545585924 0
1.84000000000029 122.828981514089 38.4426244284824 8.07523371430652 0.176432430497106 0 -1.14144907570444 0
1.88000000000029 124.354729645536 38.0428709652368 9.93455600250224 0.0131652598593495 0 -1.21773648227681 0
1.9000000000003 125.111612745677 37.8430549876307 10.0190063049327 0.0217544132861581 0 -1.25558063728386 0
1.9200000000003 125.864497354021 37.6432289736097 10.0152939273744 0.0213781810618162 0 -1.29322486770106 0
1.9400000000003 126.613384448108 37.4434113706336 10.0120219227969 0.0210468018535344 0 -1.33066922240541 0
1.96000000000031 127.358282475034 37.2438699012437 10.0089958952143 0.0207399008610814 0 -1.36791412375169 0
1.98000000000031 128.099186233711 37.0441203073583 10.0066035891345 0.0204995258980415 0 -1.40495931168553 0
2.00000000000031 128.836097783525 36.8445249396283 10.0039843977202 0.0202353258720392 0 -1.44180488917627 0
2.02000000000032 129.569017124944 36.6450058744461 10.0012759436043 0.0199617047944727 0 -1.47845085624722 0
2.04000000000032 130.297949563013 36.44552461145 9.99880667838589 0.0197109159476992 0 -1.51489747815067 0
2.08000000000033 131.743844200624 36.0466403049501 9.99353949294024 0.0191793475335934 0 -1.58719221003121 0
2.12000000000033 133.173787979642 35.6480345986101 9.98850929867774 0.0186712377904681 0 -1.6586893989821 0
2.14000000000033 133.882785901777 35.4488975623718 9.98583962424702 0.0184002325467244 0 -1.69413929508883 0
2.16000000000034 134.587798980298 35.2496298934346 9.98346204020264 0.0181601465113434 0 -1.72938994901488 0
2.18000000000034 135.288828297402 35.0504238654447 9.98072772129438 0.0178819166056522 0 -1.76444141487009 0
2.20000000000034 135.985876016668 34.8513444590474 9.97829934475312 0.0176379304877625 0 -1.7992938008334 0
2.22000000000035 136.678942138329 34.6522370491541 9.97596460274847 0.0174036600524638 0 -1.83394710691646 0
2.26000000000035 138.053131543798 34.2541250118699 9.97129756892115 0.0169308835184577 0 -1.90265657718992 0
2.28000000000036 138.734256991767 34.055227515879 9.96911665954466 0.0167131396665678 0 -1.93671284958837 0
2.30000000000036 139.411406147294 33.8564535361514 9.96651147722205 0.016449908602711 0 -1.97057030736469 0
2.32000000000036 140.084576846915 33.6574990244778 9.9643325954704 0.0162304254853088 0 -2.00422884234577 0
2.34000000000037 140.753774395678 33.4587940238727 9.96155129387715 0.0159517559076905 0 -2.03768871978391 0
2.36000000000037 141.41899348842 33.2599798650132 9.95973240449805 0.0157657482940755 0 -2.07094967442099 0
2.38000000000037 142.080239430419 33.0613056002727 9.95704388952413 0.0154939610263104 0 -2.10401197152096 0
2.40000000000038 142.737516341265 32.8627937437112 9.9543347047241 0.0152186178802227 0 -2.13687581706326 0
2.44000000000038 144.040148755535 32.4655036468096 9.95005897613909 0.014788505824643 0 -2.20200743777677 0
2.46000000000038 144.685510542127 32.2669854789235 9.94773347296499 0.0145558730471956 0 -2.23427552710637 0
2.48000000000039 145.326897014398 32.0683121582012 9.94582704899527 0.0143648101803201 0 -2.26634485071991 0
2.50000000000039 145.964316619211 31.8699338947966 9.94317673649635 0.0140936595870364 0 -2.29821583096054 0
2.52000000000039 146.597767401021 31.6715736273074 9.94115874763513 0.0138933707552469 0 -2.32988837005105 0
2.5600000000004 147.852770526311 31.2748842404533 9.93687027397603 0.0134618892358018 0 -2.39263852631557 0
2.5800000000004 148.474325033836 31.0766680632428 9.93439577076549 0.0132142063265437 0 -2.4237162516918 0
2.60000000000041 149.091909532202 30.8782586491399 9.93272024324764 0.0130425767082001 0 -2.45459547661012 0
2.64000000000041 150.315195029252 30.4819605604815 9.92828044371137 0.012595280631533 0 -2.51575975146261 0
2.68000000000042 151.522626039805 30.0857583498209 9.92367807960653 0.012130694535913 0 -2.57613130199024 0
2.70000000000042 152.120398609317 29.8876402951398 9.92203770113048 0.0119621028484884 0 -2.60601993046585 0
2.72000000000043 152.714213944622 29.6897615560216 9.91934848843763 0.0116935902694916 0 -2.63571069723112 0
2.74000000000043 153.304068904021 29.4918082102289 9.91746871471079 0.0114998784310286 0 -2.66520344520104 0
2.76000000000043 153.889965442941 29.2938345854158 9.91536770491324 0.0112921838005043 0 -2.69449827214703 0
2.78000000000043 154.471903561847 29.0958807478441 9.91356600494402 0.011106258539853 0 -2.72359517809236 0
2.80000000000044 155.049886401976 28.8983052641192 9.91122456117934 0.0108664363866664 0 -2.75249432009878 0
2.84000000000044 156.193984707235 28.5026184506829 9.90721681450029 0.0104694472870579 0 -2.80969923536177 0
2.86000000000045 156.760102127912 28.304945361267 9.90510318221341 0.0102483937446333 0 -2.83800510639558 0
2.88000000000045 157.322266433854 28.1072329060123 9.90270104425525 0.0100074971625448 0 -2.86611332169268 0
2.90000000000045 157.880473505356 27.9093918084812 9.90135871537426 0.00988007354346612 0 -2.89402367526782 0
2.92000000000046 158.434727462125 27.7117192354684 9.89963858706534 0.00969901537057642 0 -2.92173637310625 0
2.96000000000046 159.531384687056 27.316703950566 9.89545361269067 0.00928287954721514 0 -2.97656923435279 0
2.98000000000047 160.073785790941 27.1191140245415 9.89388754306987 0.00912194931373459 0 -3.00368928954704 0
3.00000000000047 160.612246554811 26.9218365585302 9.89105766871966 0.00883755895382891 0 -3.03061232774053 0
3.02000000000047 161.146745756618 26.7240207374315 9.8903698893021 0.008769069512612 0 -3.05733728783089 0
3.04000000000048 161.677302454715 26.5268387497815 9.88780669873663 0.00851033408355674 0 -3.08386512273573 0
3.08000000000048 162.726571445121 26.1320418445494 9.88429292174918 0.00815345284845791 0 -3.13632857225603 0
3.10000000000048 163.245283737429 25.934736290115 9.88226189322853 0.00795316614076327 0 -3.16226418687147 0
3.12000000000049 163.760059809312 25.7376856927818 9.88019088475641 0.00773757543557454 0 -3.18800299046561 0
3.1800000000005 165.280707659782 25.1460348306958 9.87461629024903 0.00718510825528889 0 -3.2640353829891 0
3.2000000000005 165.77970114944 24.9487749049299 9.87382800232149 0.00711697642708141 0 -3.28898505747202 0
3.2200000000005 166.274756254512 24.7516236023679 9.87145620062697 0.00686234597753901 0 -3.31373781272559 0
3.24000000000051 166.765862572822 24.5543118303599 9.87076758342414 0.00679770256114603 0 -3.33829312864109 0
3.28000000000051 167.73625830817 24.1602193518453 9.86753491890019 0.00647660077802833 0 -3.38681291540852 0
3.30000000000052 168.215545561747 23.9634625361772 9.86482364102913 0.00619623163349559 0 -3.41077727808733 0
3.32000000000052 168.690898758709 23.7665832211189 9.86284068475397 0.00600194154356171 0 -3.43454493793543 0
3.34000000000052 169.16231377935 23.5697184627985 9.86111916558035 0.00582481458318682 0 -3.45811568896752 0
3.38000000000053 170.093326711678 23.1756773262895 9.85859159503169 0.00556775915902468 0 -3.5046663355839 0
3.40000000000053 170.552928951103 22.9790017062593 9.85708671500675 0.00541388721611308 0 -3.52764644755516 0
3.42000000000053 171.008588686702 22.7820427979425 9.85494424807656 0.00519699220159383 0 -3.55042943433509 0
3.44000000000054 171.460316529381 22.5854952988223 9.85335818664093 0.00504326042160734 0 -3.57301582646905 0
3.46000000000054 171.90811031498 22.3887559541609 9.85156925272848 0.00486181918671302 0 -3.59540551574901 0
3.48000000000054 172.351970043965 22.1920358899693 9.85001411243984 0.00470552592241288 0 -3.61759850219823 0
3.52000000000055 173.227889495785 21.7986169631399 9.84767081170029 0.0044706971526688 0 -3.66139447478927 0
3.54000000000055 173.659949218389 21.6020291205774 9.84532251144432 0.0042374724220537 0 -3.68299746091943 0
3.56000000000056 174.088074884377 21.4053796174011 9.8440940334425 0.00412103352113527 0 -3.70440374421887 0
3.58000000000056 174.512274940615 21.2089765796634 9.84264420053546 0.00396513916035079 0 -3.72561374703073 0
3.62000000000057 175.348875046475 20.8158375342142 9.8394635263648 0.003646847718095 0 -3.76744375232374 0
3.64000000000057 175.761281379615 20.6194774540972 9.83708386482646 0.00339927453660472 0 -3.78806406898075 0
3.68000000000058 176.574313097168 20.2263824200894 9.83459029547934 0.00315838803157023 0 -3.82871565485839 0
3.70000000000058 176.974930034718 20.0299746473136 9.83371774664772 0.00307701957959285 0 -3.84874650173588 0
3.74000000000058 177.764387080679 19.6372372581472 9.83120078168583 0.0028256320461097 0 -3.88821935403394 0
3.78000000000059 178.538141688216 19.2448090443523 9.82716813813183 0.00242130266858363 0 -3.92690708441078 0
3.80000000000059 178.919132741285 19.0485015107247 9.82624789586131 0.00233393391106241 0 -3.94595663706423 0
3.8200000000006 179.296191901434 18.8518658127174 9.82544008846562 0.00226865002046052 0 -3.96480959507171 0
3.8400000000006 179.669325451832 18.6557544200909 9.82434957650217 0.00215554634005824 0 -3.98346627259161 0
3.88000000000061 180.403832617914 18.2635584478489 9.82119052501218 0.00183475438568744 0 -4.02019163089572 0
3.90000000000061 180.76520407002 18.0674434414969 9.81980951568282 0.00167680551394748 0 -4.03826020350098 0
3.92000000000061 181.122643629089 17.8710847542383 9.81882743524188 0.00161826976069296 0 -4.05613218145445 0
3.96000000000062 181.825760856853 17.4787516843123 9.81656645564618 0.00139782498115794 0 -4.09128804284264 0
3.98000000000062 182.171438525431 17.2829276152204 9.81511920217577 0.00128439932764171 0 -4.10857192627154 0
4.02000000000063 182.851031764061 16.8906689485948 9.81291788387559 0.0010720401797704 0 -4.14255158820306 0
4.04000000000063 183.184949497809 16.69469924671 9.81194202579375 0.00100587308964196 0 -4.15924747489044 0
4.06000000000063 183.514943785849 16.4985984748146 9.81118415109915 0.000946603662526454 0 -4.17574718929245 0
4.08000000000064 183.841012464371 16.3025888846351 9.80948001799731 0.00079431201863524 0 -4.19205062321853 0
4.10000000000064 184.163172427332 16.1069814303179 9.80747874176857 0.000600291049675404 0 -4.2081586213666 0
4.14000000000065 184.79573046288 15.7152355690067 9.8049998851621 0.000512365224051417 0 -4.23978652314399 0
4.16000000000065 185.106141102035 15.5194083857747 9.80426666708669 0.000524590504433775 0 -4.25530705510173 0
4.20000000000066 185.715206773253 15.1277420509 9.80189428680139 0.000571536461508691 0 -4.28576033866266 0
4.22000000000066 186.01386180555 14.9317223507126 9.80035401070054 0.000609006837721374 0 -4.30069309027749 0
4.26000000000067 186.599422546104 14.5401173612906 9.79927609626099 0.000710797454734353 0 -4.32997112730518 0
4.30000000000067 187.169321127818 14.148597352241 9.79711055150954 0.000869237491157986 0 -4.3584660563909 0
4.32000000000068 187.448403122136 13.9529035833675 9.79544803761635 0.000992182355630156 0 -4.37242015610682 0
4.34000000000068 187.723561670515 13.7569988227428 9.79512581991473 0.00102131890060836 0 -4.38617808352574 0
4.36000000000068 187.994813667261 13.561584032535 9.79291391011885 0.00120247961677117 0 -4.39974068336305 0
4.38000000000068 188.262148501468 13.3658734245472 9.79263019311052 0.00122748370164068 0 -4.41310742507339 0
4.42000000000069 188.785081412876 12.9744937307444 9.79043255303503 0.00142961664852176 0 -4.4392540706438 0
4.44000000000069 189.040683817584 12.778946426677 9.78937654898522 0.00153463864483011 0 -4.4520341908792 0
4.4600000000007 189.292371223448 12.5833435016863 9.78813177826788 0.00164976470776046 0 -4.46461856117239 0
4.5000000000007 189.784011442214 12.1922688643597 9.7867761175673 0.00180834906624751 0 -4.48920057211071 0
4.52000000000071 190.023964254651 11.9965164403545 9.78594712685316 0.0018560238657793 0 -4.50119821273256 0
4.54000000000071 190.260004232405 11.8009811671808 9.78563013294432 0.00189375974975718 0 -4.51300021162024 0
4.58000000000072 190.720360205276 11.4102000599686 9.78286767942022 0.0021778840681051 0 -4.5360180102638 0
4.60000000000072 190.944676200626 11.2145991831079 9.78285126789058 0.00217432380990124 0 -4.54723381003132 0
4.62000000000072 191.165075033437 11.0190112653128 9.78177144617505 0.00226748181040333 0 -4.55825375167187 0
4.64000000000073 191.3815673145 10.8236898496786 9.78034407746802 0.00242392460011251 0 -4.569078365725 0
4.68000000000073 191.802834177273 10.4329132051608 9.77892683382309 0.00255690137192095 0 -4.59014170886367 0
4.72000000000074 192.208464223193 10.0421166102783 9.77696095462871 0.00275006328762296 0 -4.61042321115965 0
4.76000000000074 192.598453123937 9.65082200502576 9.77689850530652 0.00275482685235105 0 -4.62992265619687 0
4.78000000000075 192.787597171962 9.45602456016468 9.77461555544968 0.00298526321092847 0 -4.63937985859811 0
4.80000000000075 192.972834668239 9.2607349557636 9.77330067478902 0.0031188968805244 0 -4.64864173341193 0
4.82000000000075 193.154155002092 9.06518354903341 9.77326881738161 0.00312201718637809 0 -4.6577077501046 0
4.86000000000076 193.505076015019 8.67425210422766 9.77272181299365 0.00317729429426946 0 -4.67525380075094 0
4.88000000000076 193.674676694092 8.47902137608835 9.77160576340025 0.00329223770971426 0 -4.68373383470462 0
4.90000000000077 193.840372777311 8.28384031798241 9.77106439679372 0.00333756719353098 0 -4.69201863886556 0
4.94000000000077 194.160055899527 7.8933393650815 9.76909738490162 0.0035338858176563 0 -4.70800279497635 0
4.96000000000078 194.314038611134 7.69801021822465 9.76895025960752 0.0035516002921291 0 -4.71570193055668 0
4.98000000000078 194.464110443485 7.50261607221991 9.76895266295372 0.00354407599359312 0 -4.72320552217425 0
5.00000000000078 194.61028005206 7.30764931177413 9.76736769907986 0.00371486553514208 0 -4.73051400260301 0
5.04000000000079 194.890907853027 6.9170455639789 9.76660345585581 0.00378571521908708 0 -4.74454539265134 0
5.08000000000079 195.155922014266 6.52653566257042 9.76593668112383 0.00385644695153141 0 -4.75779610071331 0
5.1000000000008 195.282573387143 6.33138595396208 9.76451263592598 0.00399747863919123 0 -4.76412866935716 0
5.1200000000008 195.405311924871 6.1360671516963 9.76511636089103 0.00393747020474526 0 -4.77026559624355 0
5.1400000000008 195.524150194484 5.94104724116305 9.76387900120102 0.00406110177177529 0 -4.77620750972419 0
5.18000000000081 195.750125929015 5.55070180964938 9.76329935160211 0.00411727531859332 0 -4.78750629645074 0
5.20000000000081 195.857250827015 5.35533824496258 9.76348443137972 0.004103111630382 0 -4.79286254135077 0
5.26000000000082 196.155230194912 4.77009688159447 9.76038031863351 0.00441041280402465 0 -4.80776150974561 0
5.28000000000083 196.246754020103 4.57496236965677 9.7601397648299 0.00443489405934536 0 -4.81233770100516 0
5.30000000000083 196.334366965806 4.3797449614291 9.76023067810996 0.00442672684607708 0 -4.81671834829031 0
5.32000000000083 196.418083971017 4.18476828163622 9.75979849915285 0.00447015567095079 0 -4.82090419855085 0
5.36000000000084 196.573800281971 3.79462408465416 9.75845759249599 0.00460737646972423 0 -4.82869001409854 0
5.38000000000084 196.64581019897 3.59951321827012 9.7577494836347 0.00468164093774853 0 -4.83229050994851 0
5.40000000000084 196.713919847622 3.40435581326165 9.75822581811367 0.00462716392294165 0 -4.83569599238108 0
5.44000000000085 196.838432056829 3.01399085556379 9.75762882096031 0.00468783778548521 0 -4.84192160284147 0
5.46000000000085 196.894824006362 2.81868985183655 9.75819235037094 0.00462834727051105 0 -4.84474120031809 0
5.48000000000086 196.947326298687 2.62396419294213 9.75642068640241 0.00481048707553616 0 -4.84736631493433 0
5.52000000000086 197.040625750902 2.23341859968033 9.75661332548287 0.0047898466545919 0 -4.85203128754511 0
5.54000000000087 197.081414671615 2.03845925925066 9.75646190058206 0.00480538924623909 0 -4.85407073358074 0
5.58000000000087 197.151299947524 1.64848103850848 9.75554381481181 0.00489799930816301 0 -4.85756499737618 0
5.60000000000088 197.180390019319 1.45340649278137 9.75482122714462 0.00497105689927023 0 -4.85901950096595 0
5.62000000000088 197.205573539482 1.25826626873744 9.75529001646623 0.00492375163875742 0 -4.86027867697412 0
5.64000000000088 197.226856791531 1.06333915623186 9.75474046109778 0.00497975175996458 0 -4.86134283957654 0
5.68000000000089 197.2577224907 0.673217824935691 9.75435319912081 0.00501891762581293 0 -4.862886124535 0
5.70000000000089 197.267304937937 0.478159092837899 9.75395648730942 0.0050589949824723 0 -4.86336524689687 0
5.72000000000089 197.27298711671 0.283101011858321 9.75415996727564 0.00503788510127763 0 -4.86364935583551 0
5.7600000000009 197.272654997534 -0.106732005821428 9.75338201726593 0.0051173668866995 0 -4.86363274987671 0
5.7800000000009 197.266625760938 -0.302290791714952 9.75450181240212 0.00500320642078163 0 -4.8633312880469 0
5.80000000000091 197.256700583501 -0.497153110859998 9.75376408381153 0.00507834861783601 0 -4.86283502917504 0
5.82000000000091 197.242875137832 -0.692211219884541 9.75360095474026 0.00509503486997076 0 -4.8621437568916 0
5.86000000000092 197.203523441684 -1.08229073477931 9.75244325046792 0.00521356529884047 0 -4.86017617208418 0
5.88000000000092 197.177997191087 -1.27734694952015 9.75326961966726 0.00512906355432361 0 -4.85889985955437 0
5.90000000000092 197.148570672493 -1.47239646016322 9.75403009778094 0.00505296599384702 0 -4.85742853362463 0
5.94000000000093 197.078016830143 -1.86249332359584 9.75237321422962 0.00522082058650532 0 -4.85390084150713 0
5.96000000000093 197.036895789672 -2.05708986420629 9.75157866361968 0.00530227720342394 0 -4.85184478948359 0
5.98000000000093 196.991857587127 -2.25276934600586 9.75311774553394 0.00514584297303753 0 -4.84959287935635 0
6.02000000000094 196.890095315175 -2.6431637501542 9.75356681492774 0.0051000402768967 0 -4.84450476575876 0
6.04000000000094 196.833362590987 -2.83769357459157 9.75257359012684 0.00520131010583438 0 -4.84166812954936 0
6.08000000000095 196.708196337568 -3.22757972410116 9.75198565782107 0.00526192831852797 0 -4.83540981687838 0
6.10000000000095 196.639762808569 -3.42268686290474 9.75210667380515 0.00524978270135897 0 -4.83198814042844 0
6.12000000000096 196.567422727938 -3.6180647984344 9.75290630429177 0.00516830248074945 0 -4.82837113639689 0
6.14000000000096 196.491199273034 -3.8124709705648 9.75127814137015 0.00533544276927295 0 -4.8245599636517 0
6.18000000000097 196.327026009327 -4.20252516362987 9.75057774735534 0.00540697841954295 0 -4.81635130046634 0
6.20000000000097 196.239091138938 -4.39780183023801 9.75161360799422 0.00530138607248949 0 -4.81195455694688 0
6.22000000000097 196.147256000317 -4.59279258304083 9.75144523052885 0.00531896578483634 0 -4.80736280001584 0
6.26000000000098 195.951884917682 -4.9827611067372 9.75116778795118 0.00534829411278482 0 -4.7975942458841 0
6.30000000000098 195.740919045289 -5.37270148662216 9.75075445208163 0.00539131487582505 0 -4.78704595226445 0
6.32000000000099 195.629588848329 -5.56766847531341 9.75054865745683 0.0054127741845286 0 -4.78147944241646 0
6.36000000000099 195.395227649598 -5.95756785729333 9.75118687028776 0.00534775048448237 0 -4.76976138247992 0
6.380000000001 195.272196647595 -6.15251057502064 9.74934511879903 0.00553864951243744 0 -4.76360983237973 0
6.400000000001 195.145271660527 -6.34744347642132 9.75071088667832 0.00539835941140297 0 -4.75726358302636 0
6.44000000000101 194.879716554424 -6.73717182822948 9.74868761270548 0.00560506573807201 0 -4.74398582772119 0
6.46000000000101 194.74109704583 -6.93219491227936 9.74868151108778 0.00560710219328755 0 -4.73705485229148 0
6.48000000000101 194.598577269004 -7.1270931744772 9.74877565467866 0.005597499049763 0 -4.72992886345019 0
6.52000000000102 194.301843193593 -7.51686413080421 9.7469905322197 0.00578292797177901 0 -4.71509215967963 0
6.54000000000102 194.147628895123 -7.71173320606636 9.74814765964093 0.00566287051133592 0 -4.70738144475617 0
6.56000000000103 193.989520611591 -7.90659450882542 9.74571174323041 0.00591481797158805 0 -4.69947603057954 0
6.58000000000103 193.827507732203 -8.1015845436759 9.74764064707414 0.00571720643031041 0 -4.69137538661016 0
6.62000000000103 193.491802390432 -8.49139744954924 9.74650455359189 0.00583665870795603 0 -4.6745901195216 0
6.64000000000104 193.318109927699 -8.68575163813175 9.74492354299184 0.00599434489999127 0 -4.66590549638495 0
6.68000000000104 192.95902182546 -9.07568758025096 9.74487324438355 0.00600495033916677 0 -4.64795109127299 0
6.70000000000105 192.773636797094 -9.27042261811265 9.74429530644316 0.0060639345118407 0 -4.63868183985469 0
6.72000000000105 192.584349544486 -9.46531433088833 9.74410701299237 0.00608160534412418 0 -4.6292174772243 0
6.74000000000105 192.391174590332 -9.65987736579437 9.74312608159448 0.00618355744383378 0 -4.61955872951658 0
6.78000000000106 191.993130159914 -10.0493935146409 9.74219993867948 0.00628005951408491 0 -4.59965650799568 0
6.82000000000107 191.579514117097 -10.4387835375415 9.74074758113301 0.0064279805489674 0 -4.57897570585483 0
6.86000000000107 191.150320178363 -10.8282053332659 9.74001877591393 0.00650533943741304 0 -4.55751600891817 0
6.88000000000108 190.929879089701 -11.0230193189118 9.73980829707483 0.00653035073173751 0 -4.54649395448505 0
6.90000000000108 190.705548343831 -11.2175386372937 9.73888013825336 0.00662344010397916 0 -4.53527741719154 0
6.92000000000108 190.477319285157 -11.4123271939548 9.7386506907624 0.00665025923717333 0 -4.52386596425786 0
6.96000000000109 190.009196523111 -11.8014097285066 9.737031005753 0.00681466195670146 0 -4.50045982615557 0
6.98000000000109 189.769289837102 -11.9961827765146 9.73648860127762 0.00687116753052559 0 -4.48846449185512 0
7.00000000000109 189.525495657232 -12.1905894554816 9.73610090760677 0.00691374344021223 0 -4.47627478286158 0
7.0400000000011 189.026240073144 -12.5797489992311 9.73498681989114 0.00703091940389809 0 -4.45131200365722 0
7.0600000000011 188.770772385178 -12.7743487202081 9.73342780561221 0.00718643527543999 0 -4.43853861925891 0
7.10000000000111 188.248169992934 -13.1633396183345 9.73228575372432 0.00730467843005146 0 -4.4124084996467 0
7.12000000000111 187.981035288307 -13.3577624840444 9.73111381247915 0.00742683748852335 0 -4.39905176441534 0
7.14000000000112 187.710006598849 -13.5523498127277 9.7311746325752 0.00742220059234818 0 -4.38550032994244 0
7.16000000000112 187.435092371306 -13.7467663024455 9.73033385158656 0.00750829004172836 0 -4.37175461856532 0
7.20000000000113 186.873596899561 -14.1355623934221 9.72866214840374 0.00767973138261036 0 -4.34367984497803 0
7.22000000000113 186.587015655241 -14.3299725216709 9.72796610165967 0.00775218729598349 0 -4.32935078276205 0
7.24000000000113 186.29654887307 -14.5243643459471 9.72711721785631 0.00783962510933994 0 -4.31482744365348 0
7.26000000000113 186.00219026953 -14.718803489424 9.72648922727204 0.00790597947464993 0 -4.30010951347649 0
7.30000000000114 185.401818612358 -15.1072612634763 9.72430064138341 0.00813273721551604 0 -4.27009093061788 0
7.34000000000115 184.785909130936 -15.4960052585694 9.7233058061409 0.00824063838680549 0 -4.23929545654682 0
7.38000000000115 184.154447095003 -15.8845568819742 9.72092934138198 0.0084779204675925 0 -4.20772235475015 0
7.40000000000116 183.832889933838 -16.0788187302121 9.72056761764175 0.00851949415822341 0 -4.19164449669188 0
7.42000000000116 183.507447234704 -16.2731857883815 9.71960340835197 0.0086182180529426 0 -4.17537236173521 0
7.44000000000116 183.178123325342 -16.4671893558817 9.71859533790335 0.00872160651143703 0 -4.15890616626712 0
7.48000000000117 182.507821055944 -16.8556391266284 9.71701854199876 0.00888503326123159 0 -4.1253910527972 0
7.50000000000117 182.166844860069 -17.049773594824 9.71607960962304 0.00898197792243181 0 -4.10834224300343 0
7.52000000000118 181.82198940916 -17.2438851952616 9.715301656828 0.0090641554524207 0 -4.09109947045799 0
7.54000000000118 181.473246464855 -17.4381318250843 9.71444956434969 0.00914761524101359 0 -4.07366232324275 0
7.58000000000118 180.764124976005 -17.8260702033075 9.7121502330645 0.00938759069139091 0 -4.03820624880027 0
7.60000000000119 180.403738192283 -18.0202572065174 9.71173192368359 0.00943017949096588 0 -4.02018690961413 0
7.62000000000119 180.039478437393 -18.213972863718 9.70999639681004 0.00961445012069684 0 -4.00197392186965 0
7.64000000000119 179.671337472042 -18.4081128370533 9.70936655938754 0.00967699007386544 0 -3.9835668736021 0
7.6800000000012 178.923413865617 -18.7960053944102 9.70712094222505 0.00990738767686661 0 -3.94617069328087 0
7.7000000000012 178.543637508061 -18.9899165945732 9.70663365282574 0.0099571882729255 0 -3.92718187540304 0
7.72000000000121 178.159979940043 -19.1838075973929 9.70556275123333 0.0100679994435852 0 -3.90799899700214 0
7.74000000000121 177.772445281153 -19.3777405510038 9.70433378593172 0.0101951160350452 0 -3.88862226405763 0
7.78000000000122 176.985746854334 -19.765329554898 9.70192745031345 0.0104437291792784 0 -3.84928734271671 0
7.80000000000122 176.58658525045 -19.9591235207038 9.70075778140521 0.0105639452810346 0 -3.82932926252252 0
7.82000000000122 176.18354871904 -20.1528936370047 9.699265650714 0.0107187877842736 0 -3.80917743595201 0
7.88000000000123 174.951183071709 -20.7340526367714 9.69603000230921 0.0110524100407245 0 -3.74755915358546 0
7.90000000000123 174.532650951645 -20.9277199653655 9.69486226270277 0.011173098105921 0 -3.72663254758227 0
7.92000000000124 174.110243904172 -21.1214338526207 9.69386797962008 0.0112751551059079 0 -3.70551219520858 0
7.94000000000124 173.683961929753 -21.3150398834348 9.69226689605068 0.0114427425236582 0 -3.68419809648767 0
7.98000000000125 172.81979009381 -21.7021031237199 9.69007908575174 0.0116674997874154 0 -3.64098950469052 0
8.00000000000125 172.381898068357 -21.895636656699 9.68844583946652 0.0118383595998485 0 -3.61909490341786 0
8.02000000000125 171.940137399128 -22.089250593671 9.68819120796347 0.0118623520400619 0 -3.59700686995639 0
8.04000000000126 171.494503966765 -22.2828174190826 9.68675848411243 0.0120104033108776 0 -3.57472519833827 0
8.08000000000126 170.59163137828 -22.6692925864315 9.6832154849562 0.0123769326529721 0 -3.529581568914 0
8.10000000000127 170.134396341513 -22.8627163488571 9.68199707513813 0.0125034454375418 0 -3.50671981707565 0
8.12000000000127 169.67328854173 -23.0564349969953 9.68156569585142 0.0125443243567717 0 -3.48366442708648 0
8.14000000000127 169.208314261865 -23.2495990030014 9.67964354815535 0.0127428245722232 0 -3.46041571309324 0
8.16000000000128 168.739479785203 -23.4429068481243 9.67833655802124 0.0128783579629643 0 -3.43697398926015 0
8.20000000000128 167.790205108584 -23.8294732607105 9.67587234059105 0.013134330407858 0 -3.3895102554292 0
8.22000000000128 167.309771191794 -24.0226662993164 9.67442970040553 0.0132826540275122 0 -3.36548855958972 0
8.24000000000129 166.825470794691 -24.2158829491123 9.67310009518498 0.0134205267279692 0 -3.34127353973454 0
8.26000000000129 166.337312365067 -24.4090199444989 9.67165186079075 0.0135693304592603 0 -3.31686561825336 0
8.3000000000013 165.349404512555 -24.7950485395393 9.66832018474636 0.0139142679451687 0 -3.26747022562777 0
8.3200000000013 164.849661372835 -24.9881916863407 9.66689378032327 0.0140638070672874 0 -3.24248306864174 0
8.3400000000013 164.346051753149 -25.1814317914709 9.66597882621227 0.0141570567307067 0 -3.21730258765747 0
8.38000000000131 163.327262742328 -25.5673528845007 9.66312335834158 0.0144493607794622 0 -3.16636313711642 0
8.40000000000131 162.812072740286 -25.7603762396503 9.66184793775123 0.0145805490814991 0 -3.14060363701428 0
8.42000000000132 162.293033152469 -25.9530401885754 9.65947309505813 0.014824435424627 0 -3.11465165762347 0
8.46000000000132 161.243373594829 -26.3389881238491 9.65688851909264 0.015091343517024 0 -3.06216867974144 0
8.48000000000133 160.712759908172 -26.5317475741551 9.65613679343392 0.0151692549602608 0 -3.03563799540862 0
8.50000000000133 160.17828818853 -26.7245444631841 9.65456966445848 0.0153304273727703 0 -3.00891440942651 0
8.52000000000133 159.639960599947 -26.9172928270343 9.65214477490056 0.0155840031117925 0 -2.98199802999734 0
8.56000000000134 158.551746053738 -27.3026972953184 9.64947623367132 0.0158576901601636 0 -2.92758730268688 0
8.58000000000134 158.001861260273 -27.4953455487794 9.6473058470215 0.0160819100796235 0 -2.90009306301363 0
8.60000000000134 157.448118433706 -27.6880721451936 9.64649747022938 0.0161645053029033 0 -2.87240592168528 0
8.62000000000135 156.890523857437 -27.8806820534695 9.64504029316585 0.0163182790707549 0 -2.84452619287185 0
8.64000000000135 156.329079695279 -28.0731715426929 9.64322212706127 0.0165030635956526 0 -2.81645398476394 0
8.66000000000135 155.763788111042 -28.2655362464267 9.64129153358198 0.0167018188996276 0 -2.78818940555211 0
8.70000000000136 154.621657370706 -28.6506211551599 9.63893216169624 0.0169438872877017 0 -2.7310828685353 0
8.72000000000136 154.044812909444 -28.8434026745179 9.6380276185278 0.0170345638997036 0 -2.70224064547219 0
8.74000000000137 153.464122003643 -29.0354141739424 9.63495716155826 0.0173549584318366 0 -2.67320610018214 0
8.76000000000137 152.879589959048 -29.2275669875836 9.63298449725489 0.0175588982882238 0 -2.64397949795239 0
8.78000000000137 152.291213634075 -29.4198842796003 9.63132996431061 0.0177287341495683 0 -2.61456068170373 0
8.80000000000138 151.69898988714 -29.6122359814873 9.62965090989938 0.0179016398350716 0 -2.58494949435699 0
8.82000000000138 151.102921859478 -29.8044548550613 9.62853804683002 0.0180154370213805 0 -2.55514609297388 0
8.86000000000139 149.899256104836 -30.188733061828 9.62436468602048 0.0184487775282021 0 -2.49496280524181 0
8.90000000000139 148.680222653435 -30.5728802032897 9.6208417421867 0.0188108301682326 0 -2.43401113267173 0
8.92000000000139 148.064944812213 -30.7649356778645 9.61910959635215 0.0189891749428871 0 -2.40324724061065 0
8.9400000000014 147.445825832314 -30.9569735661446 9.61741630616357 0.01916372190978 0 -2.37229129161569 0
8.9600000000014 146.822867877549 -31.1488938002181 9.61549399879281 0.0193619268108087 0 -2.34114339387743 0
8.9800000000014 146.196074089152 -31.340806008473 9.61365406724099 0.0195518463597199 0 -2.30980370445759 0
9.00000000000141 145.565441325773 -31.5327795168278 9.61177129059889 0.0197448904739635 0 -2.27827206628863 0
9.04000000000141 144.29266082996 -31.9163334835133 9.60790819626458 0.0201440123848914 0 -2.21463304149802 0
9.06000000000142 143.650518402574 -32.1081923727473 9.60664378055403 0.0202750455823764 0 -2.18252592012868 0
9.08000000000142 143.004542305716 -32.299902456846 9.60474486804694 0.0204727089394788 0 -2.15022711528582 0
9.10000000000142 142.354733517393 -32.4915262415041 9.60226654982241 0.0207259799691237 0 -2.11773667586967 0
9.12000000000143 141.701091059018 -32.6832069980049 9.59951529917133 0.0210110532218221 0 -2.0850545529509 0
9.14000000000143 141.043612767477 -32.8748357348232 9.59855775612998 0.0211071913214293 0 -2.05218063837383 0
9.16000000000143 140.3823070894 -33.0663121008551 9.59686695995815 0.0212826716929717 0 -2.01911535446998 0
9.18000000000144 139.717167742085 -33.2579286434574 9.5951152582775 0.0214636268544095 0 -1.98585838710424 0
9.20000000000144 139.04820631363 -33.4492071918447 9.59243255857113 0.0217394591368011 0 -1.95241031568148 0
9.24000000000144 137.698790687136 -33.8321508913956 9.58891459496865 0.0221032685820258 0 -1.88493953435682 0
9.26000000000145 137.018341794377 -34.0235116283119 9.58695166063838 0.0223062547530486 0 -1.85091708971886 0
9.28000000000145 136.334065515432 -34.2148582773026 9.5850308156768 0.0225024195155777 0 -1.81670327577158 0
9.30000000000145 135.645961850183 -34.4061568864165 9.58319692023 0.0226921309244463 0 -1.78229809250915 0
9.32000000000146 134.954038267839 -34.5972597294109 9.58081551466395 0.0229372842486022 0 -1.74770191339194 0
9.34000000000146 134.258291626931 -34.7883346443047 9.57840788152831 0.0231834778494713 0 -1.71291458134656 0
9.36000000000146 133.558717599488 -34.9796803602931 9.57697197581593 0.0233332995145901 0 -1.67793587997439 0
9.38000000000147 132.855323550873 -35.1708596936556 9.57513999556265 0.0235226661306712 0 -1.64276617754367 0
9.42000000000147 131.437074516783 -35.5527399610176 9.57021006418416 0.0240320759384112 0 -1.57185372583917 0
9.46000000000148 130.003549829707 -35.9346769267095 9.56621764784353 0.0244411457996768 0 -1.50017749148537 0
9.48000000000148 129.281059129513 -36.1255212826505 9.56405370209182 0.0246650586511572 0 -1.46405295647564 0
9.50000000000149 128.554755877121 -36.3161669696302 9.56160880172465 0.0249174620336499 0 -1.42773779385607 0
9.52000000000149 127.824637909187 -36.5070094894749 9.55951359519318 0.0251344159884532 0 -1.39123189545935 0
9.54000000000149 127.090698942076 -36.6979122115561 9.55769841499154 0.025320704639864 0 -1.35453494710382 0
9.56000000000149 126.35294634162 -36.8884917278586 9.55545669613158 0.0255526618765591 0 -1.31764731708099 0
9.5800000000015 125.611384330667 -37.0791129593117 9.55296873043573 0.0258093192026038 0 -1.28056921653333 0
9.6000000000015 124.866010849946 -37.2696732316888 9.55117295474999 0.0259939195765298 0 -1.24330054249731 0
9.6200000000015 124.116823735298 -37.4603563815442 9.54911387919556 0.0262043578343951 0 -1.20584118676488 0
9.66000000000151 122.607020297204 -37.841387816607 9.54469840528526 0.02665991613977 0 -1.13035101486021 0
9.68000000000151 121.846399750444 -38.0319744306293 9.54279832810195 0.0268556054037046 0 -1.09231998752221 0
9.70000000000152 121.081978240632 -38.2221181840937 9.53991180996551 0.0271540930830225 0 -1.05409891203162 0
9.72000000000152 120.313752625836 -38.4123569019851 9.53775162244822 0.0273767208770803 0 -1.0156876312918 0
9.74000000000152 119.54171554104 -38.6028094868522 9.53619611477911 0.0275384768720183 0 -0.97708577705198 0
9.76000000000153 118.765878575039 -38.7928713556922 9.53298678452218 0.0278685888677932 0 -0.938293928751955 0
9.78000000000153 117.98623642209 -38.9830584788295 9.53050647687918 0.0281241838249622 0 -0.899311821104493 0
9.80000000000153 117.202788001043 -39.1734319143912 9.52911901071639 0.0282669428007405 0 -0.86013940005214 0
9.82000000000154 116.415541862138 -39.3632592184824 9.52630736052605 0.028555223926722 0 -0.820777093106881 0
9.84000000000154 115.624497412937 -39.5532551542865 9.52382623565613 0.0288113767370802 0 -0.781224870646838 0
9.86000000000154 114.829653571243 -39.7431392377606 9.5211662881185 0.0290879213565033 0 -0.74148267856217 0
9.90000000000155 113.228566244245 -40.1231576244221 9.51748692244141 0.0294664014754874 0 -0.661428312212229 0
9.94000000000155 111.612290492048 -40.5028107928854 9.51225724053439 0.0300053713549307 0 -0.580614524602424 0
9.96000000000156 110.798462567502 -40.6924085206091 9.50980266899139 0.0302573640856462 0 -0.539923128375085 0
9.98000000000156 109.980840555974 -40.8821373647686 9.50757199201092 0.0304878807006566 0 -0.499042027798714 0
10.0000000000016 109.159426621394 -41.0717545892586 9.50521499081772 0.0307323529766396 0 -0.457971331069712 0
10.0200000000016 108.33421859995 -41.2613505613516 9.50249743687873 0.0310127891015515 0 -0.416710929997498 0
10.0400000000016 107.505222878652 -41.4508495429602 9.50007365314566 0.0312623909522919 0 -0.375261143932585 0
10.0600000000016 106.672435723362 -41.6403522630637 9.4974235083613 0.0315356505084313 0 -0.333621786168078 0
10.0800000000016 105.835858704639 -41.8298068027136 9.49459395100995 0.0318282628475594 0 -0.291792935231933 0
10.1200000000016 104.151350504486 -42.2083879932068 9.49009060176577 0.0322912950989713 0 -0.207567525224295 0
10.1400000000016 103.303415099625 -42.3977833747015 9.48744839682286 0.0325653760417801 0 -0.165170754981227 0
10.1600000000016 102.451695136726 -42.5869924738788 9.48531612232683 0.0327839045691479 0 -0.122584756836295 0
10.1800000000016 101.59619272768 -42.7760934486377 9.48260093624716 0.0330635031756489 0 -0.0798096363840159 0
10.2000000000016 100.736909495434 -42.9651922113829 9.47941461543188 0.0333916471534687 0 -0.0368454747716896 0
10.2200000000016 99.8738453877158 -43.1542585679219 9.4775122901133 0.0335880296581308 0.00630773061420769 0.00630773061420769 0
10.2400000000016 99.0070004565641 -43.3432702226609 9.4750520508036 0.0338425293948168 0.0559577077860013 0.0496499771717936 0
10.2600000000016 98.1363736204803 -43.5323368029137 9.47300801881749 0.0340524184387515 0.149139026761986 0.0931813189759851 0
10.2800000000016 97.2619712143205 -43.7211619480093 9.46976611495216 0.0343862751777006 0.286040466045961 0.136901439283974 0
10.3200000000016 95.5029367691604 -44.0487431858426 9.33941164576219 0.0476745043407951 0.510893627587939 0.224853161541978 0
10.3400000000016 94.6206069320906 -44.1175116935927 9.03676800999831 0.0785222063585241 0.779863280983409 0.26896965339547 0
10.3600000000016 93.7391088786535 -44.0758838309051 8.45870518347394 0.137447126877494 1 0.313044556067325 0
10.3800000000016 92.8584515969269 -44.033872256671 7.87935529354252 0.196505564413005 1 0.357077420153655 0
10.4000000000016 91.9822451735381 -43.8112649939992 6.84879650840205 0.301559222514768 1 0.400887741323095 0
10.4200000000016 91.1148305510869 -43.3716290364577 5.27572207941922 0.461915919265798 1 0.444258472445654 0
10.4600000000016 89.4170660319505 -42.1360967328344 1.23945970798969 0.873371743106599 1 0.529146698402474 0
10.5000000000016 87.7687255425844 -40.9006677008171 2.79622995516394 1.28474831053936 1 0.611563722870778 0
10.5200000000016 86.9630852657137 -40.2830270708509 4.81342208186151 1.49037871109656 1 0.651845736714313 0
10.5400000000016 86.1698013696587 -39.6652344125121 6.83138448310825 1.69608663075861 1 0.691509931517067 0
10.5600000000017 85.3888741508126 -39.0473731365611 8.84905629239756 1.9017645466361 1 0.730556292459369 0
10.6000000000017 83.8640940518817 -37.811500787743 12.8842317993649 2.31310277537022 1 0.806795297405915 0
10.6200000000017 83.1202451504068 -37.1934509947109 14.9020207029357 2.51879225321816 1 0.843987742479658 0
10.6400000000017 82.3887591264211 -36.5753214134876 16.9198725232353 2.72448808102271 1 0.880562043678947 0
10.6600000000017 81.6696376373293 -35.9570859724611 18.9381266574255 2.9302248553871 1 0.916518118133536 0
10.7000000000017 80.268493988784 -34.7204312619506 22.9613823872964 3.34034733727271 1 0.986575300560799 0
10.7200000000017 79.5864751451882 -34.1019464230904 24.8669889329372 3.53460103178959 1 1.02067624274059 0
10.7400000000017 78.9168277996359 -33.4833842842374 26.5853148911296 3.70976389366872 1 1.0541586100182 0
10.7800000000017 77.6146541526541 -32.2459860819121 29.4697105223311 4.00379424670061 1 1.11926729236729 0
10.8000000000017 76.982131476514 -31.6271522779992 30.4602763026366 4.10477143210441 1 1.1508934261743 0
10.8200000000017 76.3619876798475 -31.0082053237442 30.908553151085 4.15046696871781 1 1.18190061600762 0
10.8600000000017 76.5748460271861 5.39622056885848 118.831256554201 13.1130216992496 1 1.17125769864069 0
10.8800000000017 76.676799976849 5.11100064933973 116.574723152445 12.8829908239665 1 1.16616000115755 0
10.9200000000017 76.8671783409081 4.68231386481325 112.415176039509 12.4589747730371 1 1.15664108295459 0
10.9400000000017 76.9562327140011 4.48403786897394 110.375079062683 12.2510126743297 1 1.15218836429995 0
10.9800000000017 77.122430403484 4.09202098494913 106.305838867368 11.8362054363878 1 1.1438784798258 0
11.0200000000017 77.2728690486401 3.70113403288316 102.238558624321 11.4215979897674 1 1.13635654756799 0
11.0400000000017 77.3422039356083 3.50577291151741 100.204881998346 11.2142905093425 1 1.13288980321959 0
11.0600000000017 77.4076254036045 3.31043990185125 98.1710134281291 11.0069634251758 1 1.12961872981978 0
11.1000000000017 77.5267501245253 2.91983221034825 94.1029662240536 10.5922775596516 1 1.12366249377374 0
11.1200000000017 77.5804626295576 2.72456400697656 92.0686406212412 10.3849037839616 1 1.12097686852212 0
11.1400000000017 77.6302802048158 2.5293063030567 90.034150668876 10.1775132029028 1 1.11848598975921 0
11.1600000000017 77.6762057134183 2.33405958194727 87.9994573826492 9.97010184167171 1 1.11618971432908 0
11.2000000000018 77.7563904178096 1.94361536412762 83.9295374834732 9.5552245642016 1 1.11218047910952 0
11.2200000000018 77.7906531746266 1.74839864954765 81.8941990758871 9.34774723558049 1 1.11046734126867 0
11.2400000000018 77.8210316009354 1.55320702799727 9.33896050040822 0.0749896859540009 1 1.10894841995323 0
11.2600000000018 77.8475266807945 1.35802083218552 10.1002059125757 0.0431549259186286 1 1.10762366596027 0
11.3000000000018 77.8888694839552 0.967659861671152 9.7977729442237 0.00272241591080161 1 1.10555652580224 0
11.3200000000018 77.9037180657033 0.772489684890445 9.77449992372762 0.00341603828518105 1 1.10481409671484 0
11.3400000000018 77.9146851190599 0.577325191086345 9.76671936404277 0.00415516371508525 1 1.10426574404701 0
11.3600000000018 77.9217706162017 0.382163835307367 9.76381511344567 0.00445216511108889 1 1.10391146918992 0
11.4000000000018 77.9242968425388 -0.00814264152562316 9.76162261467646 0.00467691337683817 1 1.10378515787306 0
11.4200000000018 77.9197371432092 -0.203291362036097 9.76100122672076 0.00474013482424093 1 1.10401314283954 0
11.4400000000018 77.9112948836992 -0.398446728777955 9.76048683147883 0.00479250142182642 1 1.10443525581504 0
11.4600000000018 77.8989699948579 -0.593590072399536 9.76001266088846 0.0048408393783713 1 1.1050515002571 0
11.5200000000018 77.8386944535887 -1.17901076974638 9.75887465309464 0.0049569098990321 1 1.10806527732057 0
11.5400000000018 77.810834127944 -1.37414590579307 9.75856822631724 0.00498811742756124 1 1.1094582936028 0
11.5600000000018 77.7790887766751 -1.56927073252427 9.75826348875102 0.00501926146197457 1 1.11104556116625 0
11.5800000000018 77.7434578102548 -1.76439688495668 9.75799868653844 0.00504646958067018 1 1.11282710948726 0
11.6200000000018 77.6605377647793 -2.154617012066 9.75747687798442 0.00510019499769107 1 1.11697311176104 0
11.6400000000018 77.6132475679042 -2.34972710448548 9.75727305903042 0.00512114532013969 1 1.11933762160479 0
11.6600000000018 77.5620700971922 -2.54482039226035 9.75704080254638 0.00514517863842883 1 1.12189649514039 0
11.6800000000018 77.5070049318019 -2.7399060352254 9.75679535960524 0.00517067923259674 1 1.1246497534099 0
11.7000000000018 77.448051708634 -2.93498537864711 9.75655088161307 0.00519604195320083 1 1.1275974145683 0
11.7200000000018 77.3852099203505 -3.13005783919226 9.75630661733072 0.00522151322246343 1 1.13073950398248 0
11.7400000000018 77.3184792865068 -3.32512107084787 9.7560534980821 0.00524806208586237 1 1.13407603567466 0
11.7800000000018 77.17335026199 -3.71521523384027 9.75549869503471 0.00530611243298898 1 1.1413324869005 0
11.8000000000018 77.0949513190426 -3.91024067861272 9.75518306203122 0.00533921772728157 1 1.14525243404787 0
11.8200000000018 77.0302012863103 -3.38131669697476 7.94615187507114 0.19035784273566 1 1.14848993568448 0
11.8600000000019 76.9359634988941 -2.11215153528657 4.16275102121533 0.637004382512953 1 1.15320182505529 0
11.8800000000019 76.9047637333861 -1.63808174666249 3.06655834652282 0.815124392697811 1 1.1547618133307 0
11.9000000000019 76.885745801148 -1.03211717366877 2.52800072039112 1.02045140250414 1 1.1557127099426 0
11.9200000000019 76.8747043908807 -0.620809205700255 3.09288698260108 1.17615023310381 1 1.15626478045597 0
11.9400000000019 76.8681749317329 -0.401259924594001 3.75426694612216 1.28128353977193 1 1.15659125341335 0
11.9600000000019 76.863338497933 -0.312426480427121 4.30749926510332 1.35378034742343 1 1.15683307510335 0
12.0000000000019 76.8541143790353 -0.29741316208478 5.16807070133445 1.45737675406036 1 1.15729428104823 0
12.0400000000019 76.8495780467056 -0.125447794819365 6.29242313726492 1.59508576390996 1 1.15752109766472 0
12.0600000000019 76.8485210664803 -0.0982141781493056 6.75305854620623 1.64924998500642 1 1.15757394667598 0
12.0800000000019 76.8475116518093 -0.0893058848676418 7.19123250430965 1.69925230568439 1 1.15762441740953 0
12.1200000000019 76.8455211719265 -0.0833473645109279 8.05959109417322 1.79635842584926 1 1.15772394140367 0
12.1400000000019 76.844577083597 -0.0782171658577511 8.51772612342461 1.846030070059 1 1.15777114582015 0
12.1600000000019 76.8436418145429 -0.0753358419039216 8.97482831060559 1.89519532592493 1 1.15781790927285 0
12.1800000000019 76.8426954748575 -0.0733031344333881 9.43577788728253 1.94431696663856 1 1.15786522625713 0
12.2000000000019 76.8417329646181 -0.0715845420279777 9.90031390454314 1.9934778006544 1 1.15791335176909 0
12.2200000000019 76.8407550337724 -0.0699568998615661 8.65571389278774 1.86152721864002 1 1.15796224831138 0
12.2600000000019 76.8401201583911 0.00436411656232849 5.32522993736481 1.54032389855297 1 1.15799399208045 0
12.2800000000019 76.8413925645873 0.0502198039032606 4.23648757308236 1.43046323347592 1 1.15793037177064 0
12.3000000000019 76.8428858674597 0.0637310610971724 2.81456749857837 1.28068592434541 1 1.15785570662702 0
12.3200000000019 76.844274136587 0.0604464855279332 1.98463251770078 1.17792686989147 1 1.15778629317065 0
12.3600000000019 76.8463248575572 0.0387177121004214 1.74017243810801 1.09992853688373 1 1.15768375712214 0
12.3800000000019 76.8469789917581 0.027647489675573 1.87862011839053 1.09456378770046 1 1.1576510504121 0
12.4000000000019 76.8474201272475 0.0177825836254755 2.04111205959611 1.09697452779998 1 1.15762899363763 0
12.4200000000019 76.8477165825898 0.0110847024363068 2.02154351593661 1.07331112911929 1 1.15761417087051 0
12.4400000000019 76.8478476456366 0.00367868347299805 1.9321565516216 1.05073603659307 1 1.15760761771817 0
12.480000000002 76.8479323034408 -0.00159987834211961 1.86187863144819 1.03931404690782 1 1.15760338482796 0
12.500000000002 76.8478543363744 -0.00602000920476087 1.85488396992554 1.03679133233255 1 1.15760728318128 0
12.520000000002 76.8477161594201 -0.00882996341073294 1.82056789524158 1.03531485964742 1 1.157614192029 0
12.560000000002 76.8474034061655 -0.00931596424699421 1.80427764353882 1.03292668350692 1 1.15762982969172 0
12.600000000002 76.8471044059843 -0.0087526179935935 1.78419602588467 1.03177928654159 1 1.15764477970079 0
12.620000000002 76.8469581122044 -0.0085825458979798 1.77327971580727 1.03122468145003 1 1.15765209438978 0
12.640000000002 76.8468139822362 -0.00840431039769385 1.76170648182928 1.03068282653779 1 1.15765930088819 0
12.660000000002 76.846672583255 -0.00821014475023674 1.64144895440457 1.01047996921139 1 1.15766637083725 0
12.680000000002 76.8465347546153 -0.00798205599528501 1.48772396137688 0.996405203783477 1 1.15767326226924 0
12.720000000002 76.8462706296705 -0.00751744786055042 1.24425345511379 0.990424371542912 1 1.15768646851648 0
12.740000000002 76.8461445569992 -0.00728814296662961 1.12531942327384 0.991600828766194 1 1.15769277215004 0
12.760000000002 76.8460227013566 -0.00705151605632182 1.01016995099039 0.993362369562293 1 1.15769886493217 0
12.780000000002 76.8459049826488 -0.00682353510964617 0.899444939911542 0.995153165405094 1 1.15770475086756 0
12.800000000002 76.8457914170576 -0.00659635168304362 0.793630546361543 0.996800719615651 1 1.15771042914712 0
12.820000000002 76.8456818305422 -0.00638213742659843 0.698190583035745 0.997825201746747 1 1.15771590847289 0
12.860000000002 76.8454743741313 -0.00597398898555923 0.554397514371712 0.999408463687165 1 1.15772628129344 0
12.880000000002 76.8453762949212 -0.00577162106741014 0.487832994547636 0.999919627149713 1 1.15773118525394 0
12.900000000002 76.8452818833757 -0.00558049112936487 0.418378487239742 1.00076742596032 1 1.15773590583121 0
12.920000000002 76.8451909546275 -0.00539968145525904 0.355879095420006 1.00127768484979 1 1.15774045226863 0
12.960000000002 76.8450197397033 -0.00504041819554857 0.256909377876544 1.00117840613987 1 1.15774901301484 0
12.980000000002 76.8449390840251 -0.0048732647759806 0.21727446703043 1.00103890535887 1 1.15775304579875 0
13.000000000002 76.8448613096261 -0.00472656572999597 0.182723748198282 1.00094588227876 1 1.15775693451869 0
13.020000000002 76.8447865172056 -0.00457484333504965 0.152944617278733 1.00088941805018 1 1.15776067413972 0
13.040000000002 76.844714620267 -0.00442935952139578 0.127320806907918 1.00084387887407 1 1.15776426898665 0
13.080000000002 76.844579114113 -0.00414850084952434 0.0864678715803288 1.00076265794748 1 1.15777104429435 0
13.1200000000021 76.8444539561169 -0.0038965566752438 0.0569832779124372 1.00068663094811 1 1.15777730219415 0
13.1400000000021 76.8443950534565 -0.00378034950776396 0.0456866823196753 1.00065183930367 1 1.15778024732717 0
13.1600000000021 76.8443383384729 -0.00367161013440409 0.0364154845070824 1.00061534418591 1 1.15778308307636 0
13.1800000000021 76.844283516868 -0.00357818843532698 0.0290163045298039 1.00057858208649 1 1.1577858241566 0
13.2000000000021 76.8442308328813 -0.00347272457686643 0.0235526927780066 1.00054610612025 1 1.15778845835594 0
13.2200000000021 76.8441803840688 -0.00336316476330012 0.0198405092995434 1.00051862577429 1 1.15779098079656 0
13.2600000000021 76.8440851992927 -0.00317951586409038 0.0172634201445083 1.0004609615172 1 1.15779574003536 0
13.2800000000021 76.8440402391134 -0.00309497906422962 0.0175787636986064 1.00043100839707 1 1.15779798804433 0
13.3000000000021 76.8439969389001 -0.00301339747773 0.0184026618021021 1.00040325877533 1 1.157800153055 0
13.3200000000021 76.8439552764175 -0.00293488734311609 0.0193813894646779 1.00037739098531 1 1.15780223617912 0
13.3400000000021 76.8439152400242 -0.00285504619142785 0.0203977680654272 1.00035009327233 1 1.15780423799879 0
13.3600000000021 76.8438766852487 -0.0027837425372752 0.0213085126856583 1.00032477645919 1 1.15780616573757 0
13.4000000000021 76.8438037922606 -0.00265313832223057 0.0227005298924334 1.00027840113804 1 1.15780981038697 0
13.4200000000021 76.8437692899024 -0.00258855160294047 0.0231723891883499 1.00025630836547 1 1.15781153550488 0
13.4400000000021 76.8437359294621 -0.00253413340739428 0.0235032511585902 1.00023318142648 1 1.15781320352689 0
13.4800000000021 76.8436729166424 -0.00241421717976209 0.0238372843759451 1.00019224420729 1 1.15781635416788 0
13.5000000000021 76.8436432533199 -0.00235720767129521 0.0238602500777607 1.00017619209983 1 1.15781783733401 0
13.5200000000021 76.8436144758016 -0.0023150716911573 0.0238025922045087 1.00015328851046 1 1.15781927620992 0
13.5400000000021 76.8435866771033 -0.00226806319457751 0.0236842319110754 1.00013561944519 1 1.15782066614483 0
13.5600000000021 76.8435600162484 -0.0022143547790705 0.0234820794393972 1.00012153893574 1 1.15782199918758 0
13.6000000000021 76.8435094663873 -0.00212384846486202 0.0229768133304943 1.00009378331748 1 1.15782452668063 0
13.6200000000021 76.8434855181258 -0.0020860143115442 0.0226780759646159 1.000075428082 1 1.15782572409371 0
13.6600000000021 76.8434396940283 -0.00202285099855715 0.0219535686255234 1.0000445416519 1 1.15782801529858 0
13.6800000000021 76.8434180886252 -0.00197586498090629 0.0216030374428247 1.00003488425389 1 1.15782909556874 0
13.7000000000021 76.8433971388731 -0.00194567027915582 0.0211866937944655 1.00002168865946 1 1.15783014305634 0
13.7200000000021 76.8433768950636 -0.00191314745926263 0.0208368310779515 1.00000988494711 1 1.15783115524682 0
13.7600000000022 76.843338454375 -0.00184575977920076 0.0199811377957929 0.999988342647737 1 1.15783307728125 0
13.7800000000022 76.843320211512 -0.00181974198896739 0.0195739433107424 0.99997623491048 1 1.1578339894244 0
13.8000000000022 76.8433024515398 -0.00179737380278766 0.0191784787971303 0.999967211007401 1 1.15783487742301 0
13.8200000000022 76.8432854462881 -0.00176238988152022 0.0187725166598394 0.999959578619067 1 1.1578357276856 0
13.8400000000022 76.8432689150795 -0.00174072855247687 0.0183612955336868 0.99995114346743 1 1.15783655424602 0
13.8600000000022 76.8432529609418 -0.00171413129433518 0.0179337502095526 0.999943053620812 1 1.15783735195291 0
13.9000000000022 76.843222225667 -0.00167856546597989 0.0171651227268179 0.999921653971688 1 1.15783888871665 0
13.9200000000022 76.8432075559394 -0.00165576701905934 0.0167637909581025 0.999916647180437 1 1.15783962220303 0
13.9400000000022 76.8431935149711 -0.00162620450967665 0.0163776576098911 0.999912126795633 1 1.15784032425145 0
13.9600000000022 76.8431799779646 -0.00160384649272771 0.0159875240904679 0.999904064609246 1 1.15784100110177 0
14.0000000000022 76.8431539627491 -0.00157566441957613 0.0152432103811211 0.999888047030996 1 1.15784230186255 0
14.0200000000022 76.8431415525265 -0.00155232997205701 0.0149409514236205 0.999884297120603 1 1.15784292237367 0
14.0400000000022 76.8431294049369 -0.0015409846303811 0.0145608247828411 0.999878783055606 1 1.15784352975315 0
14.0600000000022 76.8431177703897 -0.00151696182277306 0.0142508866315894 0.999877094829095 1 1.15784411148052 0
14.0800000000022 76.8431066441117 -0.00149369905140873 0.013891371025291 0.99987099001847 1 1.15784466779442 0
14.1200000000022 76.843084934284 -0.00147964351357643 0.013235248750383 0.999858483765686 1 1.1578457532858 0
14.1600000000022 76.8430644799955 -0.00144764211199799 0.0126001318827707 0.999849368135249 1 1.15784677600022 0
14.1800000000022 76.8430547212483 -0.00143317114350339 0.012316650268137 0.999846382654904 1 1.15784726393758 0
14.2000000000022 76.8430454271147 -0.00141183641440534 0.0119875872310688 0.999846071439594 1 1.15784772864427 0
14.2200000000022 76.8430363362422 -0.00140375000782456 0.0117447664856217 0.999839181384896 1 1.15784818318789 0
14.2400000000022 76.8430275024148 -0.00139130284534872 0.0114687125030245 0.999836794146338 1 1.15784862487926 0
14.2600000000022 76.8430189297069 -0.00138048964954862 0.0111487558615747 0.999832728597365 1 1.15784905351466 0
14.3000000000022 76.8430023604305 -0.00136401315106127 0.0106570351826954 0.999827797261907 1 1.15784988197847 0
14.3200000000022 76.8429945147363 -0.00134836714093467 0.0104038609353495 0.999825941540608 1 1.15785027426318 0
14.3400000000022 76.8429866543738 -0.00135052096908339 0.0101433462923854 0.999817826375501 1 1.15785066728131 0
14.3600000000022 76.842979053501 -0.0013383579905053 0.00990768580891527 0.999815198723888 1 1.15785104732495 0
14.3800000000022 76.8429718002444 -0.0013227085143086 0.00965238864446008 0.999813988740163 1 1.15785140998778 0
14.4200000000023 76.8429580001393 -0.00129949103335036 0.00919201759820279 0.999811889549832 1 1.15785209999303 0
14.4400000000023 76.8429512719158 -0.00130029409757526 0.0089920317144658 0.999808770270502 1 1.15785243640421 0
14.4600000000023 76.8429448357783 -0.00128600702619508 0.00874693607734182 0.999806262204388 1 1.15785275821108 0
14.4800000000023 76.842938654474 -0.00127496781472303 0.00855392995992072 0.999803125533859 1 1.1578530672763 0
14.5200000000023 76.8429267469328 -0.0012627052324774 0.00815174962337217 0.999802625203305 1 1.15785366265336 0
14.5400000000023 76.8429211641196 -0.00124806851279402 0.00794369223475944 0.999801661422552 1 1.15785394179402 0
14.5600000000023 76.8429155608173 -0.0012502828938068 0.00778008212401921 0.999797597026216 1 1.15785422195913 0
14.5800000000023 76.8429102097871 -0.00123915725960444 0.00756125080233768 0.999796723186102 1 1.15785448951065 0
14.6000000000023 76.8429049026454 -0.00123787115271057 0.00740520355528366 0.999791598257634 1 1.15785475486773 0
14.6400000000023 76.8428945593769 -0.0012288633609927 0.00703570346319891 0.999788626057563 1 1.15785527203116 0
14.6600000000023 76.8428896915866 -0.00121840238959692 0.00692506841998274 0.999788524754317 1 1.15785551542067 0
14.6800000000023 76.8428851305507 -0.00120449148437274 0.00671235353261953 0.999789668354085 1 1.15785574347246 0
14.7000000000023 76.8428806002485 -0.00120321065647033 0.00657013830006221 0.999788165639757 1 1.15785596998758 0
14.7200000000023 76.8428762151161 -0.00119729685853542 0.00641666122953724 0.999785671931661 1 1.15785618924419 0
14.7400000000023 76.8428718523355 -0.00119729631447285 0.0062649689568941 0.99978620773812 1 1.15785640738322 0
14.7600000000023 76.8428677084157 -0.00118672607105452 0.0061320095583621 0.99978579018462 1 1.15785661457921 0
14.7800000000023 76.84286362899 -0.00118505326209117 0.0059568388782574 0.999782214418889 1 1.1578568185505 0
14.8200000000023 76.8428558906307 -0.00117182965398399 0.00566996626251455 0.999779644472082 1 1.15785720546846 0
14.8400000000023 76.8428519339068 -0.00118089682048605 0.00553912924625929 0.999777528052592 1 1.15785740330466 0
14.8600000000023 76.8428481032606 -0.00117520080451072 0.00544134814349364 0.999775330434622 1 1.15785759483697 0
14.8800000000023 76.8428444456076 -0.00116739188437975 0.00529631273438108 0.999774496469238 1 1.15785777771962 0
14.9000000000023 76.8428410012275 -0.00115755226055114 0.00514765153267853 0.999775075121116 1 1.15785794993863 0
14.9400000000023 76.8428343597334 -0.0011474280306345 0.00494240473529712 0.999772702578539 1 1.15785828201333 0
14.9600000000023 76.8428312347969 -0.00114384110257504 0.00485903223487915 0.999774174287462 1 1.15785843826015 0
14.9800000000023 76.8428278971696 -0.00115545317753174 0.004723541233463 0.999768370783329 1 1.15785860514152 0
15.0000000000023 76.8428247742122 -0.00114455222860954 0.00458720437942991 0.999770812089472 1 1.15785876128939 0
15.0200000000023 76.8428219715133 -0.00112977977391893 0.0044636501055472 0.999774203112085 1 1.15785890142433 0
15.0400000000024 76.8428192316787 -0.00112718383111599 0.00439579152716838 0.999772929306691 1 1.15785903841606 0
15.0600000000024 76.8428165935911 -0.00112232108169508 0.00423442100890888 0.999771493308577 1 1.15785917032044 0
15.1000000000024 76.8428109781817 -0.00113265464729295 0.00404687494075714 0.999764976360988 1 1.15785945109092 0
15.1200000000024 76.8428082551109 -0.00112827434105611 0.00394291697391649 0.999764579270955 1 1.15785958724446 0
15.1600000000024 76.8428034223616 -0.00110954361758786 0.00373999065975143 0.999766646839181 1 1.15785982888192 0
15.1800000000024 76.8428012290969 -0.00110343953485881 0.00369937947277084 0.999767772693651 1 1.15785993854515 0
15.2200000000024 76.842796492856 -0.00111243059754429 0.00351846795488475 0.999762101251844 1 1.1578601753572 0
15.2400000000024 76.8427942740964 -0.00110611156436846 0.00343083947338827 0.999766017387722 1 1.15786028629518 0
15.2600000000024 76.8427922101691 -0.00109909665627583 0.0033337597159516 0.999766348424785 1 1.15786038949154 0
15.2800000000024 76.8427900851239 -0.00110221663480559 0.00326037838905447 0.999763559202543 1 1.15786049574381 0
15.3000000000024 76.8427879991941 -0.00110144935668188 0.00319611562693174 0.999761243489965 1 1.15786060004029 0
15.3200000000024 76.8427859334042 -0.00110077313237866 0.00311705288575012 0.999761352960753 1 1.15786070332979 0
15.3400000000024 76.8427840219811 -0.00109287892426835 0.00304474662277618 0.999760839593685 1 1.15786079890095 0
15.3600000000024 76.8427822234808 -0.0010881349055154 0.0029259079856485 0.999761129328393 1 1.15786088882596 0
15.4000000000024 76.8427784063388 -0.0010981018462104 0.00279776087858204 0.999758763992183 1 1.15786107968306 0
15.4200000000024 76.8427766049281 -0.0010889522266524 0.00275907572903628 0.999757328616353 1 1.1578611697536 0
15.4600000000024 76.842773210723 -0.0010800492471077 0.00264604601904782 0.999757690895674 1 1.15786133946385 0
15.4800000000024 76.842771666823 -0.00107796935918714 0.00256105914143489 0.999760525002203 1 1.15786141665885 0
15.5000000000024 76.8427700707689 -0.00108002308238042 0.00251103672643554 0.999760324880213 1 1.15786149646156 0
15.5200000000024 76.8427685382776 -0.00107804091187802 0.00244782223580416 0.999759710932967 1 1.15786157308612 0
15.5400000000024 76.8427671628306 -0.0010700944899753 0.0023627942596515 0.999759274814136 1 1.15786164185847 0
15.5600000000024 76.8427656579297 -0.00107732853487619 0.002345618363899 0.999755114310596 1 1.15786171710351 0
15.5800000000024 76.8427642484894 -0.00107293096695571 0.00222960472622761 0.999754675579908 1 1.15786178757553 0
15.6200000000024 76.8427618249552 -0.00105530698097311 0.00216578513577222 0.99976145456675 1 1.15786190875224 0
15.6400000000024 76.8427606869955 -0.00106001993208338 0.0021306952497101 0.99975864138431 1 1.15786196565023 0
15.6800000000025 76.8427579189884 -0.00107745367016321 0.00200309741431898 0.999753201296086 1 1.15786210405058 0
15.7000000000025 76.8427566218888 -0.00106877080639833 0.00196677379794572 0.999755216816086 1 1.15786216890556 0
15.7400000000025 76.8427543643629 -0.0010541318049917 0.0018303049620668 0.999756758829698 1 1.15786228178185 0
15.7600000000025 76.842753333156 -0.00105589887792235 0.00183674538196951 0.999755098787539 1 1.1578623333422 0
15.7800000000025 76.8427522316342 -0.00106033727645638 0.00178754180435367 0.999754524422207 1 1.15786238841829 0
15.8000000000025 76.8427511632908 -0.00105876280478867 0.00178208998124652 0.999756906208625 1 1.15786244183546 0
15.8200000000025 76.8427500716643 -0.00106080181770096 0.00171002790693452 0.999754052772143 1 1.15786249641678 0
15.8400000000025 76.8427491682814 -0.00105057050190283 0.00167650909855053 0.999756875915982 1 1.15786254158593 0
15.8600000000025 76.8427479376551 -0.00106788946611402 0.00162786788532546 0.999749974732154 1 1.15786260311725 0
15.8800000000025 76.8427469785092 -0.00105407910280064 0.00157693578474455 0.999752962535378 1 1.15786265107454 0
15.9200000000025 76.8427450020099 -0.00105819995503964 0.0015107586373749 0.999751928103621 1 1.1578627498995 0
15.9400000000025 76.8427440628875 -0.00105419848610211 0.0014808667783831 0.999750921603769 1 1.15786279685562 0
15.9600000000025 76.8427433467004 -0.00104321824869658 0.0014233598833379 0.999755561785358 1 1.15786283266498 0
15.9800000000025 76.8427424646216 -0.00105090790277984 0.00148040273051818 0.999752481671956 1 1.15786287676892 0
16.0000000000025 76.8427417820785 -0.00104188194237054 0.00135067152012236 0.999754284258539 1 1.15786291089607 0
16.0400000000025 76.8427401176887 -0.00104505606906002 0.0013324294425783 0.999750678635065 1 1.15786299411557 0
16.0600000000025 76.8427395222243 -0.00103832119218339 0.00127697983689661 0.999754403093106 1 1.15786302388879 0
16.0800000000025 76.8427389663411 -0.00103543067174883 0.00129384125542274 0.999757572668426 1 1.15786305168294 0
16.1000000000025 76.8427380532958 -0.00105485232015212 0.00121497224952911 0.999750408903857 1 1.15786309733521 0
16.1200000000025 76.8427373709856 -0.00104251091514129 0.00119625969589865 0.99975339050746 1 1.15786313145072 0
16.1400000000025 76.842736504972 -0.0010523365652233 0.00120131232585306 0.999747318120899 1 1.1578631747514 0
16.1600000000025 76.842735865037 -0.00104082523480997 0.0011409294262912 0.999750700744843 1 1.15786320674815 0
16.2000000000025 76.8427345387172 -0.00104222386723052 0.00108987625092482 0.999751072546781 1 1.15786327306414 0
16.2200000000025 76.8427339902846 -0.00103639407889489 0.00108893065639667 0.999753077332123 1 1.15786330048577 0
16.2400000000025 76.8427332715364 -0.00104609367943453 0.00104372985414204 0.999747997118024 1 1.15786333642318 0
16.2600000000025 76.8427327112295 -0.00103761520566081 0.00101221072584453 0.999754570565099 1 1.15786336443853 0
16.2800000000025 76.8427321293857 -0.00103843705463191 0.00101521356420859 0.999750841260952 1 1.15786339353072 0
16.3200000000026 76.8427309608087 -0.00104448006909763 0.000960199608582128 0.999750349960102 1 1.15786345195957 0
16.3400000000026 76.8427304686047 -0.00103475359246374 0.000919287090262932 0.999751808098008 1 1.15786347656976 0
16.3600000000026 76.8427298471797 -0.00104175542186624 0.000917966650974249 0.999747225104442 1 1.15786350764101 0
16.3800000000026 76.842729356722 -0.0010347673337634 0.000848395323551127 0.999750964554543 1 1.1578635321639 0
16.4000000000026 76.8427289944375 -0.00102906842768391 0.000876190286823516 0.999750116549775 1 1.15786355027813 0
16.4400000000026 76.8427280619508 -0.00103326519246139 0.000774868760826792 0.99974985431071 1 1.15786359690246 0
16.4600000000026 76.8427273922134 -0.00104453651304937 0.000808719523896707 0.999745265503919 1 1.15786363038933 0
16.4800000000026 76.8427270411048 -0.00102838113743076 0.000768805882030805 0.999748645270021 1 1.15786364794476 0
16.5000000000026 76.8427266665967 -0.00103041644641166 0.000753139584651284 0.999753075556962 1 1.15786366667016 0
16.5200000000026 76.8427262527402 -0.00103193843021643 0.000761577194155771 0.999749542340972 1 1.15786368736299 0
16.5400000000026 76.8427256240975 -0.00104311982050831 0.000707651733762614 0.999749196102223 1 1.15786371879512 0
16.5600000000026 76.8427252287511 -0.00103051388812503 0.000709960528825139 0.999749474752793 1 1.15786373856245 0
16.6000000000026 76.8427246677456 -0.00103517576434342 0.000669980870808113 0.999748642236856 1 1.15786376661272 0
16.6200000000026 76.8427243448095 -0.00102757634020634 0.000641665375195385 0.999749092734562 1 1.15786378275952 0
16.6400000000026 76.8427238683216 -0.00103546566053581 0.00064987094539603 0.999749553858905 1 1.15786380658392 0
16.6600000000026 76.8427234520204 -0.00103256315507849 0.00063325437735481 0.999748132473055 1 1.15786382739898 0
16.6800000000026 76.8427230856614 -0.00103057039183341 0.000614976798957099 0.999748849361712 1 1.15786384571693 0
16.7400000000026 76.842722117668 -0.00103161383968597 0.00058035257600981 0.999747643783849 1 1.1578638941166 0
16.7600000000026 76.8427217454882 -0.00103086693934529 0.00055433303160354 0.999749618072863 1 1.15786391272559 0
16.7800000000026 76.8427215092815 -0.00102427574049102 0.000544722887806907 0.999749516640865 1 1.15786392453592 0
16.8000000000026 76.8427212920506 -0.00102351271753776 0.000542905345163717 0.999748258514231 1 1.15786393539747 0
16.8200000000026 76.8427211166127 -0.00102163316037718 0.000519987582422848 0.999750257439942 1 1.15786394416937 0
16.8400000000026 76.8427209034562 -0.00102356651240143 0.000527573901261965 0.999749313794558 1 1.15786395482719 0
16.8600000000026 76.8427206618944 -0.00102472933411946 0.000481300356889722 0.999751889384162 1 1.15786396690528 0
16.9000000000026 76.8427200260339 -0.00103420941293564 0.000515028754848748 0.999745874852156 1 1.1578639986983 0
16.9200000000026 76.8427197645651 -0.00102549030678745 0.000444799229763964 0.999748484146195 1 1.15786401177174 0
16.9400000000026 76.8427194573451 -0.00102853123067348 0.000488829378416561 0.999750558693022 1 1.15786402713275 0
16.9600000000027 76.8427191929659 -0.00102588373934509 0.000451810923528663 0.999748020491352 1 1.15786404035171 0
16.9800000000027 76.8427189706126 -0.00102418722686082 0.000414600016260134 0.999744887755792 1 1.15786405146937 0
17.0000000000027 76.8427187615307 -0.00102431981801487 0.000407031097442543 0.999749606522048 1 1.15786406192346 0
17.0400000000027 76.8427181703737 -0.00102679087818558 0.000418026680932459 0.999749050356829 1 1.15786409148132 0
17.0600000000027 76.8427179938881 -0.00102248452641618 0.000392961237431578 0.999749407836324 1 1.1578641003056 0
17.0800000000027 76.8427176980767 -0.00102815488118324 0.00038482918843628 0.999747454769618 1 1.15786411509616 0
17.1000000000027 76.8427173868986 -0.00102865383995265 0.000380778368162821 0.999745330626504 1 1.15786413065507 0
17.1200000000027 76.8427171345102 -0.00102598946051558 0.000379927501147031 0.999747892588393 1 1.15786414327449 0
17.1400000000027 76.8427169831702 -0.00102085936656238 0.000349621206265049 0.99974957926978 1 1.15786415084149 0
17.1600000000027 76.8427168531343 -0.00102026954169787 0.000334170902211002 0.999749539045472 1 1.15786415734328 0
17.1800000000027 76.8427167600021 -0.00101822611220825 0.000371061919981333 0.999748380067471 1 1.1578641619999 0
17.2200000000027 76.8427166743204 -0.00101042321506384 0.000338156988377152 0.999749694730129 1 1.15786416628398 0
17.2600000000027 76.8427162331063 -0.00102439880427596 0.000306022957997546 0.999746921835842 1 1.15786418834468 0
17.2800000000027 76.8427160481224 -0.0010230316783435 0.000329639361754382 0.999747003852266 1 1.15786419759388 0
17.3000000000027 76.8427160312422 -0.00101442415518704 0.000290200527150607 0.999751879390409 1 1.15786419843789 0
17.3200000000027 76.8427160634892 -0.00101244019178637 0.000295777456523145 0.999750162906967 1 1.15786419682554 0
17.3400000000027 76.8427159803687 -0.00101817672231164 0.000278746501597388 0.999749475784193 1 1.15786420098157 0
17.3800000000027 76.8427157502156 -0.0010233182039201 0.000254296141217683 0.999747058189986 1 1.15786421248922 0
17.4000000000027 76.8427154497476 -0.0010291085672236 0.000292527095835239 0.999745616359259 1 1.15786422751262 0
17.4200000000027 76.8427151968936 -0.00102637563004748 0.000243318662359257 0.999747559394063 1 1.15786424015532 0
17.4400000000027 76.8427150984062 -0.0010188693188411 0.000247825160485917 0.999748855132804 1 1.15786424507969 0
17.4600000000027 76.8427149663912 -0.00102124209212207 0.000239984006685062 0.999747152911285 1 1.15786425168044 0
17.4800000000027 76.8427147266921 -0.00102601253956891 0.000212914751093154 0.999747382066363 1 1.1578642636654 0
17.5200000000027 76.8427145242458 -0.00102045966562514 0.000221732277390304 0.999748245159098 1 1.15786427378771 0
17.5400000000027 76.8427142759319 -0.0010265333800703 0.000230755019286937 0.999745389878955 1 1.1578642862034 0
17.5600000000027 76.8427141427528 -0.00102066649354526 0.000252365175459604 0.999746734663246 1 1.15786429286236 0
17.5800000000027 76.8427140145795 -0.00102097255155797 0.000215651055243755 0.999746135746044 1 1.15786429927102 0
17.6000000000028 76.8427140356507 -0.00101329732892452 0.000210609707837326 0.999748683971286 1 1.15786429821746 0
17.6200000000028 76.8427140373969 -0.00101481090571554 0.000190240991128259 0.999745717264402 1 1.15786429813015 0
17.6400000000028 76.8427140103886 -0.0010160073499037 0.000184956075617723 0.999749286983382 1 1.15786429948057 0
17.6800000000028 76.8427137179533 -0.00102759480108716 0.000198390950069946 0.999745672337096 1 1.15786431410234 0
17.7000000000028 76.8427135660313 -0.00102194890426688 0.000220612432364987 0.999744917565359 1 1.15786432169843 0
17.7200000000028 76.8427134975791 -0.00101810289412185 0.000157825017198149 0.999745391901093 1 1.15786432512105 0
17.7400000000028 76.8427133593941 -0.00102122765819956 0.000149070226297509 0.999746057407128 1 1.15786433203029 0
17.7800000000028 76.84271307569 -0.00102550143313351 0.000172247685605564 0.999746278445666 1 1.1578643462155 0
17.8000000000028 76.8427129082847 -0.00102292872959708 0.000181258415549996 0.999748409647236 1 1.15786435458576 0
17.8400000000028 76.8427127678879 -0.00101697771250997 0.000149041060937211 0.999747316651478 1 1.15786436160561 0
17.8600000000028 76.8427126802271 -0.00101898377896248 0.000170917074038368 0.999747410060584 1 1.15786436598864 0
17.8800000000028 76.8427126574097 -0.00101580886615693 0.000171213922869204 0.999749434819309 1 1.15786436712951 0
17.9000000000028 76.8427125634626 -0.00101967641465706 0.000128967318751609 0.999746360479393 1 1.15786437182687 0
17.9200000000028 76.8427124309819 -0.0010214851896535 0.000154245395216572 0.99974657300895 1 1.1578643784509 0
17.9400000000028 76.8427123103756 -0.00102062780500489 0.000154027873812772 0.999748339302205 1 1.15786438448122 0
17.9800000000028 76.8427124008304 -0.00101014660140208 0.000103821227704378 0.999749593020312 1 1.15786437995848 0
18.0000000000028 76.8427124107257 -0.00101451554375842 0.00013466781646761 0.999746523661351 1 1.15786437946372 0
18.0200000000028 76.8427124635782 -0.00101183250751546 0.000147082918029042 0.999747593100258 1 1.15786437682109 0
18.0400000000028 76.8427123001311 -0.00102302153929656 0.000118083583577472 0.99974504648968 1 1.15786438499345 0
18.0600000000028 76.8427122571738 -0.00101701747647098 0.000115548589075288 0.999746516353924 1 1.15786438714131 0
18.0800000000028 76.842712066602 -0.00102458721411836 0.000117733366637409 0.999747600370302 1 1.1578643966699 0
18.1000000000028 76.8427119004773 -0.00102313902570472 9.12907300123023E-05 0.999746530543764 1 1.15786440497614 0
18.1400000000028 76.8427117493702 -0.00101526037896349 0.000102203004816103 0.999748354455581 1 1.15786441253149 0
18.1600000000028 76.8427116670646 -0.00101852343219377 0.000146146087044123 0.999746734214782 1 1.15786441664677 0
18.1800000000028 76.8427115528611 -0.00102079584347337 9.66858258250101E-05 0.999748032840153 1 1.15786442235694 0
18.2000000000028 76.8427117897663 -0.0010028769278847 0.000112879584953067 0.999751943658647 1 1.15786441051168 0
18.2200000000028 76.8427119477419 -0.00100752888913291 0.000114301156126986 0.999749836104038 1 1.1578644026129 0
18.2400000000029 76.8427118901163 -0.0010179278727378 8.12322245586768E-05 0.999746591383884 1 1.15786440549418 0
18.2800000000029 76.8427116535604 -0.00101922936394772 0.000109500519938401 0.9997459617851 1 1.15786441732198 0
18.3200000000029 76.8427115053637 -0.00101905949877334 9.0161668055726E-05 0.999747451542437 1 1.15786442473182 0
18.3400000000029 76.8427114090882 -0.00101976412408078 9.01510238568383E-05 0.999747053430035 1 1.15786442954559 0
18.3600000000029 76.8427112755599 -0.00102223572189075 9.4470812989479E-05 0.999745117087666 1 1.15786443622201 0
18.3800000000029 76.8427111784695 -0.00101959319880507 0.000124221738752439 0.99974442593431 1 1.15786444107653 0
18.4000000000029 76.8427112312056 -0.00101165660552738 0.000119299626792601 0.999747561870212 1 1.15786443843972 0
18.4400000000029 76.8427115348168 -0.000999474888487839 0.000126568946490999 0.999752833874553 1 1.15786442325916 0
18.4600000000029 76.8427116618259 -0.00100896183275268 6.69400438158296E-05 0.999748886032089 1 1.15786441690871 0
18.4800000000029 76.8427117184037 -0.00101255622239194 7.12914680903814E-05 0.999749899093887 1 1.15786441407981 0
18.5000000000029 76.8427116241073 -0.00101991443871441 8.2715282265096E-05 0.999747654838979 1 1.15786441879463 0
18.5200000000029 76.8427114672959 -0.00102289331474026 9.5376744120519E-05 0.999746711488093 1 1.15786442663521 0
18.5400000000029 76.8427112788195 -0.00102422383463363 0.000116689440241833 0.999744548793804 1 1.15786443605903 0
18.5600000000029 76.8427113870857 -0.00100979564297177 9.44882496595218E-05 0.999749057220545 1 1.15786443064571 0
18.5800000000029 76.8427113939542 -0.00101490659113779 9.22578228579532E-05 0.999748333808304 1 1.15786443030229 0
18.6200000000029 76.8427113469224 -0.00101821921231249 7.35909824644066E-05 0.999744108571881 1 1.15786443265388 0
18.6400000000029 76.8427115362138 -0.00100584869798581 8.51499114978942E-05 0.999749911174046 1 1.15786442318931 0
18.6600000000029 76.8427115925588 -0.00101287240893555 9.13638691227828E-05 0.999749282753969 1 1.15786442037206 0
18.6800000000029 76.8427115767263 -0.00101601762462167 5.23524078967555E-05 0.999747651329027 1 1.15786442116369 0
18.7000000000029 76.8427115698578 -0.00101514425038829 5.10644482457863E-05 0.999747723948113 1 1.15786442150711 0
18.7200000000029 76.8427114808001 -0.00101951610352558 4.97541476937541E-05 0.999746716445499 1 1.15786442596 0
18.7600000000029 76.8427114119986 -0.00101807388975317 7.12417833520078E-05 0.999747893391655 1 1.15786442940007 0
18.7800000000029 76.8427114122314 -0.00101503881553811 3.08777484412059E-05 0.999747993382934 1 1.15786442938843 0
18.8000000000029 76.8427112972131 -0.00102112861401338 2.48578094358251E-05 0.999744418835701 1 1.15786443513935 0
18.8400000000029 76.8427112197969 -0.00101615641392527 6.10399643506437E-05 0.999742581535145 1 1.15786443901015 0
18.8600000000029 76.8427112699719 -0.00101328827000202 7.24556654095555E-05 0.999745730133532 1 1.1578644365014 0
18.880000000003 76.8427111891797 -0.00101940873493334 4.82814133728814E-05 0.99974508634079 1 1.15786444054102 0
18.900000000003 76.8427111718338 -0.00101647364162716 3.24254238663565E-05 0.999747709492009 1 1.15786444140831 0
18.940000000003 76.8427110251505 -0.00102188895657207 2.95226184599291E-05 0.999747427627037 1 1.15786444874248 0
18.960000000003 76.8427111147903 -0.00101081205879439 5.58708704035415E-05 0.999746573572554 1 1.15786444426049 0
18.980000000003 76.842711150297 -0.00101343942962728 6.65627107866752E-05 0.999747206488523 1 1.15786444248515 0
19.000000000003 76.8427110743942 -0.0010187482881463 5.13342388419153E-05 0.999745731914358 1 1.15786444628029 0
19.020000000003 76.8427109904587 -0.00101949552414737 2.95931561921755E-05 0.999746507283259 1 1.15786445047706 0
19.060000000003 76.8427105870796 -0.00102969679315379 4.26299944307712E-05 0.999742544951224 1 1.15786447064602 0
19.080000000003 76.8427104071015 -0.0010240330498732 5.68549135954107E-05 0.999744789846624 1 1.15786447964492 0
19.100000000003 76.8427104661241 -0.00101238817740068 5.60986035831785E-05 0.999747534849562 1 1.15786447669379 0
19.120000000003 76.8427106350427 -0.00100721045876639 5.9671194336102E-05 0.999749968460994 1 1.15786446824786 0
19.140000000003 76.8427106607705 -0.00101426633881374 4.43595520972815E-05 0.999747316257114 1 1.15786446696147 0
19.160000000003 76.8427105902229 -0.00101886190839195 3.69673627000108E-05 0.999746631608244 1 1.15786447048886 0
19.180000000003 76.8427105594892 -0.00101665898159808 8.50216779826822E-05 0.999746419552801 1 1.15786447202554 0
19.200000000003 76.8427105058217 -0.00101836088359164 6.49336065082558E-05 0.99974753774717 1 1.15786447470891 0
19.220000000003 76.8427105684532 -0.00101218989148322 3.94948342561179E-05 0.99974822667736 1 1.15786447157734 0
19.260000000003 76.8427103087306 -0.00102215373064496 4.74245574207664E-05 0.999744573087673 1 1.15786448456347 0
19.280000000003 76.8427102655405 -0.00101748748411978 5.42486691596272E-05 0.999747321996649 1 1.15786448672297 0
19.300000000003 76.8427103083814 -0.00101324292926108 3.82353196952504E-05 0.999747655676563 1 1.15786448458093 0
19.320000000003 76.842710455996 -0.00100795112537355 7.8782155210114E-05 0.999748795622871 1 1.1578644772002 0
19.360000000003 76.8427105376031 -0.00101379981531124 1.81554858188607E-05 0.99974607090357 1 1.15786447311984 0
19.380000000003 76.842710603727 -0.00101220569014515 4.96389118712193E-05 0.999747146730913 1 1.15786446981365 0
19.400000000003 76.8427106061718 -0.00101498670171907 3.987503911706E-05 0.999747790933037 1 1.15786446969141 0
19.440000000003 76.8427107514581 -0.00101185257541658 5.59427522371501E-05 0.999749215476797 1 1.1578644624271 0
19.460000000003 76.8427107587922 -0.00101521632292645 6.17016570364468E-05 0.999750522526672 1 1.15786446206039 0
19.480000000003 76.8427106516901 -0.00102055149945102 3.67411553808897E-05 0.999747719532327 1 1.15786446741549 0
19.500000000003 76.842710562516 -0.00101962418051471 2.38253341807131E-05 0.999744988256689 1 1.1578644718742 0
19.5200000000031 76.8427105678711 -0.00101544112700935 6.02896917011999E-05 0.999744734784694 1 1.15786447160644 0
19.5600000000031 76.8427104908042 -0.00101762881098466 4.23140137858619E-05 0.999747146538994 1 1.15786447545979 0
19.5800000000031 76.8427105401643 -0.00101274888781688 2.68025429981011E-05 0.999747828742196 1 1.15786447299179 0
19.6000000000031 76.8427105443552 -0.00101503941739622 3.49669725242842E-05 0.999747678735871 1 1.15786447278224 0
19.6200000000031 76.8427105462179 -0.00101583524588023 4.12640590249895E-05 0.999745903283463 1 1.15786447268911 0
19.6400000000031 76.8427104912698 -0.00101807154260314 4.58156919761993E-05 0.999747605236553 1 1.15786447543651 0
19.6600000000031 76.8427105814917 -0.00101118026753966 3.02924831246022E-05 0.99974962874331 1 1.15786447092541 0
19.6800000000031 76.8427105803275 -0.00101538162947179 2.89025509717216E-05 0.999747368901966 1 1.15786447098362 0
19.7000000000031 76.8427105132723 -0.00101917474840718 4.43938450781302E-05 0.999745320566554 1 1.15786447433638 0
19.7400000000031 76.8427104310831 -0.00101410237843425 3.68499610551159E-05 0.99974660043998 1 1.15786447844584 0
19.7600000000031 76.842710487661 -0.00101270260695685 3.33730470794562E-05 0.999747111840141 1 1.15786447561695 0
19.7800000000031 76.8427103118738 -0.00102437349033835 5.56042422796641E-05 0.999743731346781 1 1.15786448440631 0
19.8000000000031 76.8427101840498 -0.00102194777385023 2.40525695774162E-05 0.999745058212987 1 1.15786449079751 0
19.8200000000031 76.8427101144334 -0.00101921108451108 3.27442096543765E-05 0.999744881381947 1 1.15786449427833 0
19.8400000000031 76.8427100365516 -0.00101905883441589 2.4402559566657E-05 0.999744995712713 1 1.15786449817242 0
19.8800000000031 76.8427102107089 -0.00101166825130861 2.90688414021973E-05 0.999749095984839 1 1.15786448946455 0
19.9000000000031 76.8427102728747 -0.0010126970689015 2.37911623437043E-05 0.999748597467564 1 1.15786448635627 0
19.9400000000031 76.8427099882392 -0.00102488107806664 4.75212500937812E-05 0.999744843438688 1 1.15786450058804 0
19.9600000000031 76.8427098990651 -0.00101958878528308 2.42693606998605E-05 0.99974633264242 1 1.15786450504675 0
19.9800000000031 76.8427099261899 -0.0010138515462188 1.67993011472084E-05 0.999746551111569 1 1.15786450369051 0
