0.0200000000000031 76.8237614122918 -0.00100869877600474 2.25914904611254E-05 0.999748917392806 1 0.231762385877082 9.07828898404261E-06
0.0800000000000125 76.8656654821243 1.28318610936861 3.21136719889187 1.32703635687394 1 0.231343345178757 -0.0115486749843175
0.120000000000019 76.9524491744814 2.46477919507612 6.16523589815209 1.6281641611331 1 0.230475508255186 -0.0221830127556851
0.160000000000025 77.0867397636175 3.65342404060345 9.13700128816646 1.93109440118297 1 0.229132602363825 -0.0328808163654311
0.200000000000031 77.2686206211802 4.84344316534806 12.1121806981223 2.23437438709397 1 0.227313793788198 -0.0435909884881326
0.240000000000038 77.4981312913587 6.03441419526619 15.0897075133432 2.53789547355091 1 0.225018687086413 -0.0543097277573957
0.280000000000044 77.7753062162083 7.22624739698986 18.069322061849 2.84163044563363 1 0.222246937837917 -0.0650362265729088
0.340000000000053 78.2805143420119 9.01562445545835 22.5427392231182 3.29764095861037 1 0.217194856579881 -0.0811406200991251
0.380000000000059 78.6769984890707 10.2095614449628 25.5275264513512 3.60190368268863 1 0.213230015109293 -0.0918860530046648
0.440000000000069 79.3613249585032 12.0019979193474 29.7487350398914 4.03220420136453 1 0.206386750414968 -0.108017981274127
0.480000000000075 79.8773228105856 13.1979469878139 29.7873609443967 4.03615218651113 1 0.201226771894144 -0.118781522890325
0.540000000000084 80.741068129777 14.9933166789729 29.8364496238103 4.04115847879408 1 0.19258931870223 -0.134939850110756
0.580000000000091 81.3767740598414 16.1911460883164 29.8572087721275 4.04327574826056 1 0.186232259401586 -0.145720314794848
0.6400000000001 82.4202211216325 17.9892559821022 29.8871129928376 4.04632310496775 1 0.175797788783675 -0.16190330383892
0.700000000000109 83.571620104718 19.788984178988 29.916201999947 4.0492849529496 0.986182941341928 0.16428379895282 -0.178100857610892
0.740000000000116 84.3992389849154 20.9896460036733 29.9350501164849 4.05120318446919 0.953283737459715 0.156007610150846 -0.188906814033059
0.780000000000122 85.2746850163676 22.1799926966348 29.9260924810876 4.05028662979928 0.900916953026325 0.147253149836324 -0.199619934269714
0.840000000000131 86.6747716482496 23.8976079058903 29.7390661240967 4.0312163236203 0.819090765390816 0.133252283517504 -0.215078471153013
0.900000000000141 88.1713718534447 25.4647388851823 29.1713268538373 3.97333730491379 0.708194396889729 0.118286281465553 -0.22918264996664
0.940000000000147 89.2174411045853 26.3792937932458 28.465003104406 3.90133327384933 0.578606341704664 0.107825588954147 -0.237413644139212
0.980000000000153 90.2983283217764 27.2056648620986 27.536355281596 3.80666625701034 0.430772074728013 0.0970167167822365 -0.244850983758887
1.02000000000016 91.4066545793321 27.8398634106498 26.1254345320857 3.66283788207829 0.266146758238844 0.085933454206679 -0.250558770695848
1.06000000000017 92.5338402664056 28.2522320535201 24.1580884508128 3.46228928112936 0.0865382670931065 0.0746615973359439 -0.254270088481681
1.10000000000017 93.6701507882681 28.4144847666908 21.5637884028802 3.19783098519553 0 0.0632984921173193 -0.255730362900217
1.14000000000018 94.8048071536468 28.3012531938973 18.2790476328218 2.86299135715719 0 0.0519519284635317 -0.254711278745075
1.18000000000018 95.927797684446 27.9748613293984 14.4871958619514 2.47645842289711 0 0.0407220231555402 -0.251773751964585
1.22000000000019 97.0349672884913 27.5793870867946 10.614099115413 2.08164360190805 0 0.0296503271150868 -0.248214483781151
1.2600000000002 98.1263239228865 27.1841160266633 6.91037889634818 1.70409432616579 0 0.0187367607711349 -0.24465704423997
1.3000000000002 99.2018810427981 26.7891427928184 3.31103890180017 1.33718441628457 0 0.0079811895720195 -0.241102285135366
1.34000000000021 100.261638158932 26.3941713360399 0.0392722055306521 1.00345845880103 0 -0.00261638158932328 -0.237547542024359
1.38000000000022 101.3056036653 25.9994972158199 3.01544499777816 0.692281379051543 0 -0.0130560366529971 -0.233995474942379
1.42000000000022 102.333781296038 25.6048150310306 5.58763682179127 0.430076184684081 0 -0.0233378129603807 -0.230443335279276
1.46000000000023 103.346178415697 25.2102050255331 7.6050807066686 0.224421483683372 0 -0.0334617841569707 -0.226891845229798
1.50000000000023 104.34280032909 24.8159418351323 8.99636917163519 0.0825969948750748 0 -0.043428003290901 -0.22334347651619
1.56000000000024 105.808162186877 24.2246247560579 9.86999868921531 0.00651660185194163 0 -0.0580816218687687 -0.218021622804521
1.60000000000025 106.765368230059 23.8305441674937 9.86632886073559 0.00614839674721842 0 -0.0676536823005881 -0.214474897507444
1.64000000000026 107.706817041384 23.4367489101753 9.86250248812516 0.00575881403197755 0 -0.0770681704138406 -0.210930740191578
1.68000000000026 108.632510680356 23.0428887950024 9.85925786089713 0.00543712507926859 0 -0.0863251068035606 -0.207385999155022
1.72000000000027 109.542457104311 22.6492341368615 9.85597509294753 0.00510510683220803 0 -0.0954245710431132 -0.203843107231754
1.78000000000028 110.877859547734 22.05898800454 9.85128276749195 0.00463599766729329 0 -0.108778595477343 -0.19853089204086
1.82000000000028 111.74845453084 21.665504581085 9.84828552082214 0.00433324920580059 0 -0.117484545308398 -0.194989541229765
1.86000000000029 112.603324986296 21.2723286676644 9.84470012611018 0.0039758917153293 0 -0.126033249862958 -0.191450958008979
1.9200000000003 113.856139112148 20.6826874191226 9.84010062862429 0.00351112120319907 0 -0.138561391121475 -0.186144186772104
1.96000000000031 114.671698788297 20.2897456024064 9.83720628069939 0.00321985771301411 0 -0.146716987882974 -0.182607710421658
2.00000000000031 115.47154081217 19.8967571307774 9.83447570194748 0.00294557682759781 0 -0.154715408121701 -0.179070814176997
2.06000000000032 116.641846373444 19.3076906346025 9.8302142351811 0.002542895654358 0 -0.166418463734444 -0.173769215711422
2.10000000000033 117.402417198289 18.9153393461348 9.82681467491934 0.00217898124166032 0 -0.174024171982892 -0.170238054115213
2.14000000000033 118.147285693325 18.5225353414393 9.82497878319001 0.00201132993387134 0 -0.181472856933251 -0.166702818072954
2.18000000000034 118.876452940167 18.1301398839372 9.82212767465083 0.00174120303105134 0 -0.188764529401669 -0.163171258955435
2.22000000000035 119.589929445414 17.7377818077103 9.81931385833493 0.00145641252200061 0 -0.195899294454139 -0.159640036269393
2.26000000000035 120.287710985402 17.3455565736642 9.81693696557878 0.00123289947421844 0 -0.202877109854016 -0.156110009162978
2.30000000000036 120.969808170805 16.9533569678475 9.81472301334226 0.00105743390739061 0 -0.209698081708048 -0.152580212710628
2.36000000000037 121.963552163215 16.3652641063575 9.81121038877962 0.000789824629265853 0 -0.219635521632154 -0.147287376957218
2.40000000000038 122.606447293656 15.9733741317072 9.80846385442771 0.000610979263114985 0 -0.226064472936559 -0.143760367185365
2.44000000000038 123.233663374209 15.581397686442 9.80650833806359 0.000520176994110993 0 -0.232336633742088 -0.140232579177978
2.50000000000039 124.145105255069 14.9938021357637 9.80384921141609 0.000618884404595162 0 -0.241451052550692 -0.134944219221874
2.5400000000004 124.733148948173 14.6022028269394 9.80083701221086 0.000733043946741639 0 -0.24733148948173 -0.131419825442455
2.5800000000004 125.305533522507 14.2108663758557 9.79818908383663 0.000909623569895419 0 -0.253055335225072 -0.127897797382701
2.64000000000041 126.134748231387 13.6233913444776 9.79558098610287 0.00115156564788797 0 -0.261347482313868 -0.122610522100299
2.68000000000042 126.667980453116 13.2319523548891 9.79389313065944 0.00130834679467038 0 -0.266679804531159 -0.119087571194002
2.72000000000043 127.185562106897 12.8407098571354 9.79184161257939 0.00149913691960453 0 -0.271855621068971 -0.115566388714218
2.78000000000043 127.932589817443 12.2537337669641 9.78899986927189 0.00177471410659094 0 -0.279325898174429 -0.110283603902677
2.82000000000044 128.411044458859 11.8625693633005 9.78680464320431 0.0019843439141467 0 -0.284110444588587 -0.106763124269705
2.86000000000045 128.873854815611 11.4714225123121 9.78541901906143 0.00211720674171059 0 -0.288738548156107 -0.103242802610809
2.92000000000046 129.538752491935 10.8850306453142 9.78249413445194 0.00240432485743506 0 -0.295387524919352 -0.0979652758078277
2.96000000000046 129.962464318261 10.4941373978344 9.78061454382149 0.00258641341759354 0 -0.299624643182615 -0.0944472365805099
3.00000000000047 130.370539224707 10.1030896922585 9.78012476979488 0.00264716276081259 0 -0.303705392247066 -0.0909278072303267
3.06000000000048 130.953334370279 9.51693158020963 9.7767892927359 0.00297694768672496 0 -0.309533343702788 -0.0856523842218867
3.10000000000048 131.32232449844 9.1260410192081 9.77560763752276 0.00308654397116401 0 -0.313223244984401 -0.0821343691728729
3.14000000000049 131.675691459212 8.73554004444117 9.77376726481798 0.00327052158527786 0 -0.316756914592115 -0.0786198603999705
3.2000000000005 132.176434651483 8.14946657173695 9.77166771321714 0.00348021205794241 0 -0.321764346514828 -0.0733451991456326
3.24000000000051 132.490727339988 7.75868891663096 9.77109477449621 0.00354097309078996 0 -0.324907273399876 -0.0698282002496786
3.28000000000051 132.789400106412 7.36818461462919 9.76997250033354 0.00365438696489297 0 -0.327894001064124 -0.0663136615316627
3.34000000000052 133.208116685506 6.78232362492247 9.76783217228886 0.00386634082616608 0 -0.33208116685506 -0.0610409126243022
3.38000000000053 133.467734133359 6.39173361982479 9.76703145752231 0.003947953169541 0 -0.33467734133359 -0.0575256025784231
3.42000000000053 133.711730473326 6.00144251193387 9.76535555585779 0.00411272801197959 0 -0.337117304733256 -0.0540129826074049
3.48000000000054 134.048449898954 5.41574834072254 9.76429838157452 0.00422112044820547 0 -0.340484498989535 -0.0487417350665029
3.52000000000055 134.25341311947 5.02544299867702 9.76323162065805 0.00432801074310092 0 -0.342534131194698 -0.0452289869880932
3.56000000000056 134.442757395678 4.63500531244127 9.76254347458783 0.00439769579947154 0 -0.344427573956782 -0.0417150478119714
3.62000000000057 134.697497539455 4.04962285542645 9.76074127724541 0.00457865171975353 0 -0.346974975394551 -0.036446605698838
3.66000000000057 134.847811837331 3.65923518196335 9.76049935922231 0.00460266817537391 0 -0.348478118373314 -0.0329331166376702
3.70000000000058 134.982510332367 3.26887096727238 9.75994057493977 0.0046578540031063 0 -0.349825103323674 -0.0294198387054514
3.74000000000058 135.101600285736 2.87862737707698 9.75924295080202 0.00472858846724741 0 -0.351016002857359 -0.0259076463936928
3.78000000000059 135.20507974131 2.48837656601562 9.75839489926748 0.004813878991045 0 -0.352050797413103 -0.0223953890941406
3.8200000000006 135.29294869944 2.09822325094247 9.75805049974347 0.00485105831527972 0 -0.352929486994399 -0.0188840092584822
3.8600000000006 135.365213443525 1.7080765463555 9.75735611822351 0.00491891552705331 0 -0.353652134435251 -0.0153726889171995
3.92000000000061 135.444337430527 1.12250447652411 9.75734845193146 0.00491920950996506 0 -0.354443374305265 -0.010102540288717
3.96000000000062 135.477581620798 0.732455757337206 9.75637602930271 0.0050185266954738 0 -0.354775816207984 -0.00659210181603485
4.00000000000063 135.495216291049 0.342243205530977 9.75565103894281 0.00509219479943545 0 -0.354952162910486 -0.00308018884977879
4.06000000000063 135.492402043892 -0.243018709070526 9.75563681218013 0.00509350539549843 0 -0.354924020438921 0.00218716838163473
4.10000000000064 135.471013996634 -0.633285799951537 9.75539402867409 0.00511909358978609 0 -0.354710139966337 0.00569957219956383
4.14000000000065 135.43401957117 -1.02342909020061 9.75514322321921 0.00514390378051817 0 -0.354340195711702 0.00921086181180547
4.20000000000066 135.349263740005 -1.60869238353965 9.75491201862967 0.00516759399119234 0 -0.35349263740005 0.0144782314518568
4.24000000000066 135.273252880084 -1.99885344271959 9.75523892495082 0.00513455207332225 0 -0.352732528800843 0.0179896809844763
4.28000000000067 135.181633478031 -2.38908315184533 9.75491656607109 0.0051678482724309 0 -0.351816334780306 0.0215017483666079
4.34000000000068 135.014940182329 -2.97435097455438 9.75487006374495 0.00517331594820592 0 -0.350149401823292 0.0267691587709894
4.38000000000068 134.88430965133 -3.36438494694156 9.75444923783778 0.00521649619336881 0 -0.348843096513301 0.030279464522474
4.42000000000069 134.738068414852 -3.75450050517244 9.75416006099395 0.00524660882595422 0 -0.34738068414852 0.033790504546552
4.4800000000007 134.489454548573 -4.33963649320278 9.7537699940201 0.00528738923026493 0 -0.344894545485731 0.039056728438825
4.52000000000071 134.304206302506 -4.7296996275367 9.7534467164408 0.00532113625804569 0 -0.343042063025059 0.0425672966478303
4.56000000000071 134.10335482005 -5.11979743042932 9.75318756130536 0.00534869281550861 0 -0.341033548200503 0.0460781768738638
4.62000000000072 133.772830786416 -5.70477199844579 9.75251656875077 0.00541858705108959 0 -0.337728307864163 0.0513429479860121
4.66000000000073 133.532980741467 -6.09473962017718 9.75205826527557 0.00546561292182735 0 -0.335329807414673 0.0548526565815946
4.70000000000073 133.277535907342 -6.48465993485034 9.75124504919253 0.00555000615674946 0 -0.332775359073421 0.0583619394136531
4.76000000000074 132.865121742245 -7.06959841059908 9.75111838205586 0.00556452948160495 0 -0.328651217422448 0.0636263856953918
4.80000000000075 132.570685607032 -7.45942060952856 9.74973426757131 0.0057062402979165 0 -0.325706856070319 0.0671347854857571
4.84000000000076 132.260655764258 -7.84916901164016 9.74904822100921 0.00577812737602307 0 -0.322606557642575 0.0706425211047614
4.90000000000077 131.766377786873 -8.43389986154213 9.74789887385943 0.00589677884341607 0 -0.317663777868729 0.0759050987538792
4.94000000000077 131.417370395735 -8.82359154954844 9.74720888852904 0.00597000096217223 0 -0.314173703957349 0.0794123239459359
4.98000000000078 131.052775580436 -9.21326065670239 9.74610603095373 0.00608304159265345 0 -0.31052775580436 0.0829193459103215
5.04000000000079 130.476664437447 -9.79767377061062 9.74493573706881 0.00620624422637548 0 -0.304766644374467 0.0881790639354955
5.08000000000079 130.073113191407 -10.1870946753578 9.74375301841168 0.00632816600018287 0 -0.300731131914072 0.0916838520782203
5.1200000000008 129.653979826835 -10.5767337219864 9.74270633807287 0.00643675768464674 0 -0.29653979826835 0.0951906034978773
5.18000000000081 128.996067142929 -11.1610413052899 9.74142865557751 0.00656886194764511 0 -0.28996067142929 0.100449371747609
5.22000000000082 128.53799207788 -11.5502614139619 9.73979823757825 0.0067379036122773 0 -0.285379920778796 0.103952352725657
5.26000000000082 128.064342259546 -11.9396094168825 9.73878788451932 0.00684187535438866 0 -0.280643422595458 0.107456484751942
5.32000000000083 127.324676554301 -12.5234128718291 9.7366405019263 0.00706324777118639 0 -0.273246765543008 0.112710715846462
5.36000000000084 126.812104093726 -12.9125437766801 9.73530958015081 0.00720206823339434 0 -0.268121040937258 0.116212893990121
5.40000000000084 126.283968468662 -13.3017379410316 9.73421582782443 0.00731572021643121 0 -0.262839684686624 0.119715641469284
5.46000000000085 125.462586775655 -13.8851572826846 9.7318413492311 0.00756067912841404 0 -0.254625867756549 0.124966415544162
5.50000000000086 124.895552767557 -14.2741486606267 9.73049326891585 0.00770168506431832 0 -0.248955527675571 0.12846733794564
5.54000000000087 124.312965124031 -14.6629641577238 9.72875081711121 0.00788058235852872 0 -0.243129651240306 0.131966677419514
5.60000000000088 123.409921267768 -15.2460861261481 9.72625366913109 0.00813828005226982 0 -0.234099212677684 0.137214775135333
5.64000000000088 122.788457441027 -15.6347658185826 9.72460611454726 0.00830896214476636 0 -0.227884574410273 0.140712892367243
5.68000000000089 122.151449507684 -16.0233482473736 9.72282743664645 0.00849235441581434 0 -0.221514495076844 0.144210134226363
5.7400000000009 121.166799476254 -16.60606552869 9.72019967332326 0.00876502847852692 0 -0.211667994762538 0.14945458975821
5.7800000000009 120.490944924532 -16.9944465021165 9.7183738945271 0.00895287176699396 0 -0.204909449245315 0.152950018519048
5.82000000000091 119.799557855236 -17.3827324289524 9.71622198889309 0.00917416853092111 0 -0.197995578552363 0.156444591860572
5.88000000000092 118.733362942236 -17.9649904763902 9.71332436111717 0.00947432066548117 0 -0.187333629422355 0.161684914287512
5.92000000000093 118.003160983324 -18.3530910728111 9.71128475957605 0.00968471099564436 0 -0.180031609833241 0.1651778196553
5.96000000000093 117.257440259214 -18.7410595273014 9.70924390557281 0.00989572783964562 0 -0.172574402592145 0.168669535745712
6.02000000000094 116.109764899826 -19.3228580850269 9.70608900428879 0.0102225480828912 0.012808073766985 -0.161097648998257 0.173905722765242
6.06000000000095 115.325259340112 -19.7106916381984 9.70406113979125 0.0104312226396261 0.0369517051096497 -0.153252593401121 0.177396224743786
6.10000000000095 114.525450342917 -20.0880604213218 9.67614117322069 0.0132786272693318 0.072489745472377 -0.145254503429169 0.180792543791896
6.14000000000096 113.711346274009 -20.435733893079 9.57417752853004 0.0236713799035393 0.119297887769999 -0.13711346274009 0.183921605037711
6.18000000000097 112.884676039801 -20.735668264254 9.35306146049422 0.0462113030739614 0.177072141750275 -0.12884676039801 0.186621014378286
6.22000000000097 112.047904618434 -20.9693572644233 8.96656984438017 0.0856105435715596 0.245317310945748 -0.120479046184337 0.18872421537981
6.28000000000098 110.780807433883 -21.171077285966 8.01522716139429 0.18259122958607 0.328048932180614 -0.107808074338827 0.190539695573694
6.32000000000099 109.934175442671 -21.1653142060673 7.03057108276308 0.282966878853457 0.419195005608505 -0.099341754426714 0.190487827854606
6.36000000000099 109.089104242739 -21.0932964959135 5.88061191490549 0.400193583817292 0.518143631644334 -0.0908910424273927 0.189839668463221
6.420000000001 107.836270359694 -20.7391624218626 3.54080848622844 0.638712938986744 0.626433389844157 -0.0783627035969403 0.186652461796763
6.46000000000101 107.020042478456 -20.2957381400437 1.46277065840404 0.850555266586551 0.738894608319988 -0.0702004247845616 0.182661643260393
6.50000000000102 106.223291994422 -19.7656132627196 0.806482566714949 1.08182558113885 0.854552207740247 -0.0622329199442174 0.177890519364476
6.56000000000103 105.079894081689 -18.6584218194401 4.85364869574756 1.49441332205904 0.971679063298314 -0.0507989408168942 0.167925796374961
6.60000000000103 104.363120047259 -17.6742436983918 7.99250687039451 1.8143831647131 1 -0.0436312004725914 0.159068193285526
6.64000000000104 103.687607091735 -16.5956493020231 11.1794999957647 2.1392583815902 1 -0.0368760709173512 0.149360843718208
6.68000000000104 103.059492795495 -15.3990090501194 14.4302068893491 2.47062780536495 1 -0.0305949279549532 0.138591081451074
6.72000000000105 102.480163442669 -14.1792834296743 17.4651042930615 2.77999790046739 1 -0.0248016344266944 0.127613550867068
6.76000000000106 101.949645514018 -12.9587387134855 20.3364142327842 3.07269209641978 1 -0.019496455140179 0.116628648421369
6.82000000000107 101.24545747682 -11.1266089507361 24.031392820422 3.44934901452211 1 -0.0124545747681987 0.100139480556625
6.86000000000107 100.837104159291 -9.90417958411427 25.9788997263758 3.64787309806756 1 -0.00837104159290902 0.0891376162570285
6.90000000000108 100.477668346255 -8.68107871738081 27.7113347795466 3.82447323954784 1 -0.00477668346255086 0.0781297084564273
6.94000000000108 100.167184478021 -7.45715163476484 29.0018346875479 3.95602371940323 1 -0.00167184478021227 0.0671143647128836
6.98000000000109 99.9056843933649 -6.23232763823057 29.8355248492316 4.04100827692672 1 0.000943156066350639 0.0560909487440751
7.0400000000011 99.6053560384316 -4.39349902258711 30.5053663735212 4.10929069209749 1 0.00394643961568363 0.039541491203284
7.08000000000111 99.4664701670408 -3.16634500809099 30.5816506572061 4.1170672504585 1 0.00533529832959175 0.0284971050728189
7.14000000000112 99.3502328573959 -1.32400954883234 30.6129837617563 4.12026149698506 1 0.00649767142604105 0.011916085939491
7.18000000000112 99.3341873168247 -0.0946884424861452 30.6339223742872 4.12239587094162 1 0.00665812683175318 0.000852195982375306
7.22000000000113 99.3673475047108 1.13564261622489 30.6556209704867 4.12460755462904 0.996105741406868 0.00632652495289221 -0.010220783546024
7.26000000000113 99.4497525680345 2.36704458394588 30.6780527579164 4.12689381685739 0.980304814471011 0.00550247431965545 -0.021303401255513
7.30000000000114 99.5813755950658 3.59614613476923 30.6930545794649 4.12842253304344 0.95212574330743 0.00418624404934235 -0.032365315212923
7.34000000000115 99.761807640316 4.81015697171712 30.6682639502898 4.12589477640893 0.911216254158816 0.00238192359684035 -0.0432914127454541
7.40000000000116 100.121242213179 6.56786175652897 30.4684605967258 4.10552615958246 0.850893076218262 -0.00121242213179357 -0.0591107558087607
7.46000000000117 100.580844427575 8.20478254812181 29.9619715990694 4.05389466576866 0.771241589009412 -0.00580844427575357 -0.0738430429330963
7.50000000000117 100.938892515725 9.19866986156384 29.3778240935064 3.99434728350005 0.679064635098083 -0.00938892515725456 -0.0827880287540746
7.56000000000118 101.546662584879 10.5609689312914 28.1763684401161 3.8718726423042 0.568549288867675 -0.015466625848785 -0.0950487203816226
7.62000000000119 102.223311400972 11.6341149872752 26.2461722368133 3.6751123043021 0.441609139972475 -0.0222331140097231 -0.104707034885477
7.6600000000012 102.704792064731 12.1698544365304 24.5070159051337 3.49782663607895 0.305032529396391 -0.0270479206473101 -0.109528689928774
7.72000000000121 103.460993860499 12.7667914137186 21.3935822590425 3.18045063338281 0.155521468067934 -0.03460993860499 -0.114901122723467
7.78000000000122 104.23344627372 12.9262141874969 17.341742785313 2.76741650837369 0 -0.0423344627371989 -0.116335927687472
7.82000000000122 104.746414936846 12.7886850566181 14.1883430101881 2.44596732764385 0 -0.0474641493684612 -0.115098165509563
7.86000000000123 105.251343581243 12.5245025377456 10.7992913692033 2.10049658626044 0 -0.0525134358124342 -0.11272052283971
7.90000000000123 105.74061684031 12.1329245113846 7.33562820176534 1.74742023100983 0 -0.0574061684031039 -0.109196320602462
7.96000000000124 106.44517613668 11.5460812260914 2.46277371098859 1.25069460673698 0 -0.0644517613667995 -0.103914731034823
8.00000000000125 106.895329205552 11.155041847961 0.303536890711828 0.968706228786074 0 -0.0689532920555212 -0.100395376631649
8.06000000000126 107.541227544658 10.5685228208261 4.0033392431152 0.591556541563461 0 -0.0754122754465789 -0.0951167053874347
8.10000000000127 107.952276286902 10.177389068031 6.06279679080973 0.381620689147534 0 -0.0795227628690191 -0.0915965016122787
8.16000000000128 108.539530458394 9.59114816142052 8.20497579575827 0.163252090675986 0 -0.0853953045839444 -0.0863203334527847
8.20000000000128 108.911488522659 9.20026235353347 9.14351532363725 0.067579657353844 0 -0.0891148852265906 -0.0828023611818013
8.26000000000129 109.440120236715 8.61417062076777 9.77583901587839 0.00313790517817848 0 -0.094401202367153 -0.0775275355869099
8.3000000000013 109.773002457339 8.22331988460303 9.7740206139519 0.00331796792281238 0 -0.0977300245733932 -0.0740098789614273
8.36000000000131 110.243024769588 7.63738764401327 9.77174282443748 0.00354552630853311 0 -0.102430247695884 -0.0687364887961195
8.40000000000131 110.536842734786 7.24677962127144 9.77066444399929 0.00365620697248303 0 -0.105368427347858 -0.065221016591443
8.46000000000132 110.948275295668 6.66094084103891 9.76896361876013 0.00382457759594681 0 -0.109482752956683 -0.0599484675693502
8.50000000000133 111.203036370454 6.27032420969991 9.76767077002637 0.00395554260161361 0 -0.112030363704544 -0.0564329178872992
8.54000000000134 111.442177418736 5.87997626404804 9.76635124046053 0.00408771628361521 0 -0.114421774187358 -0.0529197863764324
8.58000000000134 111.665703746141 5.48951292150917 9.76546496924913 0.00417693671419773 0 -0.116657037461409 -0.0494056162935826
8.62000000000135 111.873611617368 5.0990743956699 9.76437701467083 0.00428531481821664 0 -0.118736116173677 -0.0458916695610291
8.68000000000136 112.156193819945 4.51345112036385 9.76320426720804 0.00440524688791697 0 -0.121561938199447 -0.0406210600832747
8.72000000000136 112.32506218378 4.12314240556721 9.76218326583289 0.0045064928972275 0 -0.123250621837797 -0.0371082816501049
8.76000000000137 112.47831739753 3.73274082482213 9.76162522532714 0.00456358038346425 0 -0.124783173975302 -0.0335946674233992
8.82000000000138 112.678920805571 3.14725034916304 9.76043154568288 0.00468312977909873 0 -0.126789208055707 -0.0283252531424674
8.86000000000139 112.793143876595 2.75699641251811 9.75986909003736 0.00473993817065105 0 -0.127931438765954 -0.024812967712663
8.90000000000139 112.891755856923 2.36677574711277 9.75887910387498 0.00483963389174002 0 -0.128917558569228 -0.0213009817240149
8.9400000000014 112.974757828517 1.97644710594729 9.75883080270557 0.00484404374312294 0 -0.129747578285169 -0.0177880239535256
8.9800000000014 113.042149791261 1.58621787262415 9.75824549125941 0.00490323009227029 0 -0.130421497912612 -0.0142759608536173
9.02000000000141 113.09393331618 1.19606257968859 9.75753738819202 0.00497529879443616 0 -0.130939333161805 -0.0107645632171973
9.06000000000142 113.130107320962 0.805774059386764 9.75721045848822 0.00500782681489492 0 -0.131301073209615 -0.00725196653448087
9.10000000000142 113.150670234929 0.415460237167906 9.75696963702018 0.00503228122361934 0 -0.131506702349288 -0.00373914213451115
9.14000000000143 113.155626281863 0.0252634371070144 9.75671876286138 0.00505756155719164 0 -0.131556262818631 -0.00022737093396313
9.20000000000144 113.13379066065 -0.560041699334576 9.75591585254995 0.00513959231818464 0 -0.131337906606495 0.00504037529401118
9.24000000000144 113.099721825798 -0.950260726310944 9.75601806152212 0.00512902907310436 0 -0.13099721825798 0.0085523465367985
9.28000000000145 113.050045041717 -1.34044042795188 9.75575527830127 0.00515616636835783 0 -0.130500450417167 0.0120639638515669
9.34000000000146 112.946266754181 -1.92578832528822 9.75559627265696 0.00517250933627263 0 -0.129462667541811 0.017332094927594
9.38000000000147 112.857568719075 -2.31601260909822 9.75558390079426 0.00517409802746207 0 -0.128575687190751 0.020844113481884
9.42000000000147 112.753263816587 -2.70616565793212 9.75557829214704 0.00517500820988218 0 -0.127532638165867 0.0243554909213891
9.46000000000148 112.633353617741 -3.09634177857015 9.75529730586672 0.0052042204884988 0 -0.126333536177408 0.0278670760071313
9.52000000000149 112.424225645256 -3.68155810353407 9.75500035878945 0.00523528216485744 0 -0.124242256452562 0.0331340229318067
9.56000000000149 112.265298907994 -4.07167349659399 9.75454863963372 0.00528205412234967 0 -0.122652989079943 0.0366450614693459
9.6000000000015 112.090768933995 -4.46175867250707 9.75430020004481 0.0053080362398789 0 -0.120907689339947 0.0401558280525637
9.64000000000151 111.900635723607 -4.85185810236891 9.75400122868544 0.00533922747368692 0 -0.119006357236067 0.0436667229213202
9.68000000000151 111.694899276597 -5.24192910311214 9.75372952476062 0.00536816184709896 0 -0.116948992765974 0.0471773619280093
9.72000000000152 111.473562734784 -5.63198365690664 9.7532916612679 0.00541374181577668 0 -0.114735627347836 0.0506878529121598
9.76000000000153 111.236625609221 -6.02189477085327 9.75246910457054 0.00549797399613137 0 -0.112366256092209 0.0541970529376794
9.80000000000153 110.984089470468 -6.4119194688292 9.75213288561427 0.00553371912360243 0 -0.109840894704685 0.0577072752194628
9.84000000000154 110.715954807703 -6.80185807887837 9.75162329308102 0.00558709920159131 0 -0.107159548077034 0.0612167227099053
9.90000000000155 110.284509145655 -7.38669834509422 9.75043484976553 0.00571003645058321 0 -0.102845091456547 0.066480285105848
9.94000000000155 109.977386916638 -7.77656527709779 9.74982905992421 0.00577291540158955 0 -0.0997738691663835 0.0699890874938801
9.98000000000156 109.654671469005 -8.16634843773565 9.74910562529559 0.00584800593119303 0 -0.0965467146900482 0.0734971359396208
10.0200000000016 109.316364373546 -8.55611104074255 9.74827867671939 0.00593367817632997 0 -0.0931636437354609 0.077004999366683
10.0600000000016 108.962469854043 -8.94583009872343 9.74740709728761 0.00602404905932955 0 -0.0896246985404286 0.0805124708885109
10.1000000000016 108.592987910728 -9.33550562798084 9.74648713339897 0.00611943649138626 0 -0.0859298791072797 0.0840195506518275
10.1600000000016 108.009540281375 -9.91992615663689 9.74508697649967 0.00626519105995375 0.00918393259598262 -0.0800954028137494 0.089279335409732
10.2000000000016 107.601097683422 -10.3095263993848 9.74402587166909 0.006374323869053 0.0259586933562235 -0.0760109768342227 0.0927857375944635
10.2400000000016 107.177222673898 -10.691538929675 9.72421076369853 0.00839510412745908 0.0504103169843226 -0.0717722267389763 0.0962238503670754
10.2800000000016 106.738641099539 -11.052321942944 9.65141433258521 0.0158158571924795 0.0824948034754322 -0.0673864109953865 0.0994708974864962
10.3200000000016 106.286577736144 -11.379410703278 9.49446879650099 0.031815092879735 0.122043722443495 -0.0628657773614395 0.102414696329502
10.3600000000016 105.822755208472 -11.6603183318614 9.22212059608995 0.0595784157883048 0.16875903534553 -0.0582275520847179 0.104942864986753
10.4200000000016 105.109854531474 -11.9776814184472 8.55393510735703 0.127693174278191 0.22545962279681 -0.0510985453147441 0.107799132766024
10.4600000000016 104.627370440634 -12.0915117318683 7.86421344067713 0.198002724014745 0.288009523977285 -0.0462737044063397 0.108823605586815
10.5000000000016 104.141261516255 -12.1591403874627 7.05909651177076 0.280075355925469 0.356029172301896 -0.0414126151625533 0.109432263487164
10.5400000000016 103.655327535351 -12.1291544919368 6.01000693823092 0.387017790360394 0.428638287375819 -0.0365532753535081 0.109162390427431
10.5800000000017 103.173746521003 -11.9925271937578 4.69459985782543 0.521107819163644 0.504833566909613 -0.0317374652100261 0.10793274474382
10.6200000000017 102.701038250118 -11.7410198714611 3.09187697472508 0.684485920383119 0.583492363251587 -0.0270103825011756 0.10566917884315
10.6800000000017 102.01903267845 -11.1499660962998 0.244161877462151 0.974779088093713 0.663651731333781 -0.0201903267845046 0.100349694866699
10.7400000000017 101.383958388935 -10.3032399256454 3.07408628593729 1.31302798719204 0.742541306775241 -0.0138395838893484 0.0927291593308083
10.8000000000017 100.807573899627 -9.25930529236862 6.55861417451852 1.66823163861764 0.817799315410291 -0.00807573899626732 0.0833337476313176
10.8400000000017 100.461997802369 -8.43389458437592 9.0019300593723 1.91729657360646 0.889084388645981 -0.00461997802369297 0.0759050512593833
10.8800000000017 100.150691723102 -7.5464208278663 11.5047712177709 2.17242919664729 0.95549525886576 -0.00150691723101772 0.0679177874507967
10.9200000000017 99.8785352212144 -6.53823643632641 14.0782793404304 2.43476522796662 1 0.00121464778785594 0.0588441279269377
10.9800000000017 99.5536093945848 -4.82806248711704 17.911153062633 2.82547708570749 1 0.00446390605415218 0.0434525623840533
11.0200000000017 99.3980330530321 -3.57773965165779 20.40819171547 3.08001765360974 1 0.00601966946967877 0.0321996568649201
11.0600000000017 99.292505068006 -2.32633540550101 22.6037163368827 3.30382268007009 1 0.00707494931994006 0.0209370186495091
11.1000000000017 99.2370561900316 -1.07409639674918 24.4844769039066 3.49554149603339 1 0.00762943809968419 0.00966686757074265
11.1600000000017 99.2478680176428 0.806110655524691 26.9040963418509 3.74218959925949 1 0.00752131982357241 -0.00725499589972222
11.2000000000018 99.3177989906399 2.06101511086506 28.3007917140149 3.88456393949081 0.988272874095816 0.00682201009360142 -0.0185491359977855
11.2400000000018 99.4379471911816 3.31670409938296 29.3764873842036 3.99421642974387 0.964043065289553 0.00562052808818407 -0.0298503368944466
11.2800000000018 99.6081655644812 4.56386330759949 30.2757010049324 4.08587873874195 0.926886639876346 0.00391834435518831 -0.0410747697683954
11.3400000000018 99.9551627434557 6.38173510936748 30.9660932283335 4.15625383849685 0.869899396457482 0.000448372565442696 -0.0574356159843073
11.4000000000018 100.406437680707 8.08963151716222 30.7317773245598 4.13236681074581 0.793028335995948 -0.00406437680707313 -0.07280668365446
11.4400000000018 100.761429602979 9.13513983078386 30.2181155491081 4.08000452048441 0.703197781489106 -0.00761429602978751 -0.0822162584770547
11.4800000000018 101.156988241244 10.117857927763 29.5455617905918 4.01144516361688 0.600567177726798 -0.0115698824124411 -0.091060721349867
11.5200000000018 101.587845668662 10.9633125668971 28.5275386997162 3.90766966098612 0.486018907938101 -0.0158784566866234 -0.0986698131020742
11.5600000000018 102.047863708809 11.6500336313988 27.1097982658597 3.76314816575351 0.360689968167421 -0.0204786370880902 -0.104850302682589
11.6000000000018 102.530071950168 12.1574162580671 25.2409937466037 3.57264657947324 0.225972502343133 -0.0253007195016835 -0.109416746322604
11.6400000000018 103.026718531153 12.4666286958633 22.8748023985629 3.33144293796979 0.0835056587688316 -0.0302671853115317 -0.11219965826277
11.7000000000018 103.780419108458 12.5518808918756 18.422567712805 2.87759387918095 0 -0.0378041910845786 -0.11296692802688
11.7400000000018 104.274948289734 12.2988449048682 14.7927655575506 2.50758183099735 0 -0.0427494828973431 -0.110689604143814
11.7800000000018 104.757968869177 11.9767486419323 11.1415405041651 2.13538604457177 0 -0.0475796886917669 -0.107790737777391
11.8400000000019 105.453155751457 11.38982973798 5.63671647291594 1.57423958434082 0 -0.0545315575145651 -0.10250846764182
11.9000000000019 106.113136951695 10.8031287263178 0.564063344927056 1.05714642318395 0 -0.061131369516952 -0.0972281585368604
11.9400000000019 106.533571452484 10.4120881819277 2.34186753848016 0.760925127161155 0 -0.0653357145248447 -0.0937087936373489
12.0000000000019 107.134901119163 9.82563208231797 5.82947058268329 0.405407977697852 0 -0.0713490111916326 -0.0884306887408617
12.0400000000019 107.516242881422 9.43482942752021 7.57950817472402 0.227013643232112 0 -0.0751624288142193 -0.0849134648476819
12.0800000000019 107.881951457704 9.04399304620155 8.79199020095136 0.103416144802223 0 -0.0788195145770442 -0.0813959374158139
12.1200000000019 108.232026255107 8.65315637799664 9.43100184157175 0.0382768943108122 0 -0.0823202625510748 -0.0778784074019697
12.1800000000019 108.727834883262 8.06712065278847 9.77407946346617 0.00331810919320994 0 -0.087278348832624 -0.0726040858750963
12.2200000000019 109.038839630433 7.67642593166966 9.7725228496669 0.00347284917096589 0 -0.0903883963043336 -0.0690878333850269
12.2800000000019 109.476049466874 7.09051737136116 9.77029549703587 0.00369592007303044 0 -0.0947604946687352 -0.0638146563422504
12.3200000000019 109.747993099852 6.69996587288415 9.76912151230762 0.00381297411638468 0 -0.0974799309985247 -0.0602996928559573
12.3800000000019 110.126623202232 6.11414227812884 9.76759304617612 0.00396591133760177 0 -0.101266232022317 -0.0550272805031595
12.4200000000019 110.359514167765 5.72369750835924 9.76640783526608 0.00408513128892121 0 -0.103595141677652 -0.0515132775752331
12.480000000002 110.679570226232 5.13801281875129 9.76495934407709 0.00423130310178561 0 -0.106795702262316 -0.0462421153687616
12.520000000002 110.873419624288 4.74768037450259 9.76369873299814 0.00435894840316455 0 -0.108734196242876 -0.0427291233705233
12.580000000002 111.134918043739 4.16207587383487 9.76262052187017 0.00446596405606021 0 -0.111349180437392 -0.0374586828645138
12.620000000002 111.289731075638 3.77171978712187 9.76177388486954 0.00455142400077094 0 -0.11289731075638 -0.0339454780840968
12.680000000002 111.49267597578 3.18622485219032 9.76073973349971 0.00465544703586909 0 -0.1149267597578 -0.0286760236697129
12.720000000002 111.608459517593 2.79598828934364 9.75995232807134 0.00473462699415613 0 -0.116084595175926 -0.0251638946040928
12.780000000002 111.752861997462 2.21053734280008 9.7590206496622 0.0048288741344699 0 -0.117528619974619 -0.0198948360852007
12.820000000002 111.829618108808 1.8203653402867 9.75833871492625 0.00489831717440115 0 -0.118296181088081 -0.0163832880625803
12.880000000002 111.915481799166 1.23493195614562 9.75771037239749 0.00496119844151972 0 -0.119154817991657 -0.0111143876053105
12.920000000002 111.953213621862 0.844648312512106 9.75758832708262 0.00497304479857634 0 -0.119532136218622 -0.00760183481260896
12.980000000002 111.980544317164 0.259353832923793 9.75681325048035 0.00505203559339888 0 -0.119805443171645 -0.00233418449631414
13.020000000002 111.97925233969 -0.130905404890441 9.75657110258846 0.00507652300097422 0 -0.1197925233969 0.00117814864401397
13.080000000002 111.948046793812 -0.716190178672306 9.7560456840115 0.00513020971067769 0 -0.11948046793812 0.00644571160805076
13.1200000000021 111.907735239831 -1.10640914415603 9.75600167171133 0.00513463155981178 0 -0.119077352398308 0.00995768229740429
13.1600000000021 111.851811513305 -1.4966657980452 9.75594885072484 0.00514027622191204 0 -0.118518115133047 0.0134699921824068
13.2000000000021 111.780281408457 -1.88680141560239 9.7555404865682 0.00518205201833544 0 -0.117802814084571 0.0169812127404215
13.2400000000021 111.693142272416 -2.27704011140337 9.75554788423932 0.00518161231846114 0 -0.116931422724156 0.0204933610026303
13.3000000000021 111.533170701354 -2.86231004819969 9.7554051622302 0.00519682247666679 0 -0.115331707013538 0.0257607904337972
13.3400000000021 111.407014537603 -3.25244394246931 9.75515701056724 0.005222588602505 0 -0.114070145376027 0.0292719954822238
13.4000000000021 111.18851555814 -3.83771287246729 9.75492901143525 0.00524686461481338 0 -0.111885155581404 0.0345394158522056
13.4400000000021 111.023345019785 -4.2278286706387 9.7546240734314 0.00527852070873393 0 -0.110233450197848 0.0380504580357483
13.4800000000021 110.842571244808 -4.61789374468435 9.7542670785536 0.00531569693803815 0 -0.108425712448079 0.0415610437021592
13.5200000000021 110.646194233326 -5.00796553427075 9.75389915342478 0.00535378910972311 0 -0.106461942333262 0.0450716898084368
13.5600000000021 110.434213985223 -5.39801100052719 9.75337123049942 0.00540882191633665 0 -0.104342139852233 0.0485820990047447
13.6000000000021 110.206633642316 -5.78802897740091 9.75307714820541 0.00543946945494273 0 -0.102066336423159 0.0520922607966082
13.6400000000021 109.963453204604 -6.17800230825908 9.75241377501125 0.00550814165478903 0 -0.0996345320460387 0.0556020207743317
13.6800000000021 109.704675324494 -6.56797293053786 9.7518316727436 0.00556904701139292 0 -0.0970467532449402 0.0591117563748408
13.7400000000021 109.287265080842 -7.15282658330516 9.75096502173236 0.00565916174692423 0 -0.0928726508084219 0.0643754392497464
13.7800000000022 108.989496003953 -7.54271944826847 9.75018868134207 0.00573923262136886 0 -0.0898949600395281 0.0678844750344162
13.8400000000022 108.513603625121 -8.12739988495012 9.74893658044027 0.00586902609024138 0 -0.085136036251206 0.0731465989645511
13.8800000000022 108.176854346879 -8.51719467828231 9.74826094382574 0.00593939418992824 0 -0.0817685434687883 0.0766547521045408
13.9400000000022 107.642501543858 -9.1016711234802 9.74670787334285 0.00609978415457471 0.00549002467274091 -0.0764250154385809 0.0819150401113218
13.9800000000022 107.266781593324 -9.49147939608864 9.74614735082496 0.00615879517635884 0.0182455233043018 -0.0726678159332369 0.0854233145647977
14.0200000000022 106.875568915973 -9.8764732584501 9.73362494000982 0.00743614255844502 0.0383780934706185 -0.0687556891597342 0.0888882593260509
14.0600000000022 106.469346524798 -10.2463704337704 9.68347432835442 0.0125488563089284 0.0659019621265689 -0.0646934652479831 0.0922173339039335
14.1000000000022 106.049085263396 -10.5890696463338 9.56567155655728 0.0245576810351666 0.100712736309616 -0.0604908526339568 0.0953016268170042
14.1600000000022 105.395612382679 -11.0324047492928 9.21157541129038 0.0606546604569597 0.146048255226459 -0.0539561238267925 0.0992916427436349
14.2000000000022 104.947674316238 -11.2550584460304 8.79341804449768 0.103281531253187 0.197867038078355 -0.0494767431623768 0.101295526014274
14.2400000000022 104.491580592468 -11.4403487607335 8.28238150786666 0.155376333494432 0.255914371000273 -0.0449158059246838 0.102963138846602
14.2800000000022 104.030443642405 -11.5449217801775 7.56932725757859 0.228064316378352 0.319514230597823 -0.0403044364240486 0.103904296021598
14.3200000000022 103.567799729528 -11.5585649612039 6.62917065148786 0.323902397862884 0.387863317953379 -0.0356779972952791 0.104027084650835
14.3800000000022 102.87958026561 -11.4013480117784 4.77468173586186 0.512945330220146 0.461679647403289 -0.0287958026560955 0.102612132106006
14.4200000000023 102.431160362321 -11.1481282773528 3.17914856633563 0.675590416540067 0.537701198276254 -0.0243116036232095 0.100333154496175
14.4600000000023 101.994094049092 -10.8338085157943 1.46860846101791 0.849959035713364 0.615264534427479 -0.0199409404909238 0.0975042766421486
14.5000000000023 101.57332168892 -10.3949509583093 0.485299566741268 1.04913387377228 0.69308587616306 -0.0157332168892026 0.0935545586247834
14.5400000000023 101.173914939049 -9.82852619211612 2.65935316770587 1.27075220360141 0.769803462501618 -0.011739149390487 0.088456735729045
14.6000000000023 100.625996307936 -8.75275309687838 6.25575526248463 1.63735978913347 0.842318277294168 -0.00625996307935566 0.0787747778719054
14.6400000000023 100.302563376259 -7.86475026109839 8.93898777745283 1.91088097016992 0.910075395881463 -0.00302563376259059 0.0707827523498855
14.7000000000023 99.8876669509336 -6.41125287989985 12.911007932422 2.31577729068966 0.968900002291225 0.00112333049066365 0.0577012759190986
14.7600000000023 99.5704107617494 -4.72700999934567 16.8610298234397 2.7184308299869 1 0.00429589238250628 0.042543089994111
14.8000000000023 99.4180123789702 -3.50541259605112 19.4236546747463 2.97965703555724 1 0.00581987621029839 0.03154871336446
14.8400000000023 99.3150254104985 -2.25710544602099 21.9109657405062 3.23320582395928 1 0.00684974589501508 0.0203139490141889
14.9000000000023 99.2561905459734 -0.343662888260937 25.1282109535586 3.56116157408822 1 0.00743809454026632 0.00309296599434843
14.9400000000023 99.2807843047194 0.9331709104233 26.9042334884072 3.74220346085906 0.998793618758996 0.00719215695280582 -0.0083985381938097
14.9800000000023 99.3564846491208 2.21100124282931 28.3602754801476 3.89062738477538 0.985329761082324 0.0064351535087917 -0.0198990111854638
15.0200000000023 99.483308036346 3.48883775578513 29.4943931453407 4.00623520239775 0.959097140916798 0.00516691963654011 -0.0313995398020661
15.0600000000024 99.6610142344143 4.7555506396434 30.440098434794 4.10263669703866 0.919687042815864 0.00338985765585676 -0.0427999557567906
15.1000000000024 99.8885255728383 5.98996715968347 31.0030407542856 4.16002039666967 0.86689208265033 0.00111474427161738 -0.0539097044371513
15.1400000000024 100.163906752132 7.1704557751041 31.1478602714475 4.17478184080744 0.800718913153074 -0.00163906752131879 -0.0645341019759369
15.1800000000024 100.484325749567 8.27449590990507 30.977435604847 4.15740815748477 0.721405192468261 -0.00484325749566779 -0.0744704631891456
15.2200000000024 100.846052632318 9.27965751937936 30.4348183888693 4.10209422674131 0.629427748470668 -0.00846052632317878 -0.0835169176744142
15.2600000000024 101.244460744667 10.1636677383519 29.4578210849356 4.00250086676868 0.525510131378832 -0.0124446074466687 -0.0914730096451674
15.3200000000024 101.898787110229 11.2363697141433 27.3546138801477 3.78810441495601 0.405394932849252 -0.0189878711022902 -0.10112732742729
15.3800000000024 102.602433751686 11.9714082659492 24.4010083498654 3.48702093302182 0.271627920938845 -0.0260243375168648 -0.107742674393542
15.4200000000024 103.089999971678 12.2602445322276 21.9285077791931 3.23498049367326 0.130385720432012 -0.0308999997167848 -0.110342200790048
15.4600000000024 103.586878404254 12.4371373611209 19.2039577048851 2.95724691770767 0 -0.0358687840425409 -0.111934236250088
15.5200000000024 104.329923754442 12.2967449494935 14.2505358043947 2.45230848628134 0 -0.0432992375444155 -0.110670704545441
15.5600000000024 104.810100579518 11.9054220701781 10.4026790998267 2.06006870509032 0 -0.0481010057951789 -0.107148798631603
15.6000000000024 105.274620937067 11.5141713260898 6.77390227978276 1.69016126432338 0 -0.0527462093706708 -0.103627541934809
15.6600000000024 105.942064902862 10.9275152103265 1.90961247898607 1.19430873210889 0 -0.059420649028616 -0.0983476368929384
15.7200000000025 106.574313204619 10.3410173291928 2.23839293165865 0.771472889970344 0 -0.065743132046191 -0.0930691559627348
15.7600000000025 106.976263294928 9.95001396196753 4.44079195013721 0.546965933638689 0 -0.0697626329492778 -0.0895501256577077
15.8000000000025 107.36257597548 9.55903986338762 6.39241084975291 0.34802292208804 0 -0.0736257597547956 -0.0860313587704886
15.8400000000025 107.733252817416 9.16820352293271 8.09115052168956 0.174857725667259 0 -0.0773325281741563 -0.0825138317063944
15.9000000000025 108.259956798865 8.58202799234824 9.50290229603449 0.0309479494386768 0 -0.0825995679886546 -0.0772382519311342
15.9600000000025 108.751496792538 7.99593407609839 9.77372941497738 0.0033501005241521 0 -0.0875149679253809 -0.0719634066848855
16.0000000000025 109.059655620018 7.60526833030477 9.77226682786195 0.00349692129682813 0 -0.0905965562001802 -0.0684474149727429
16.0600000000025 109.492595251068 7.01939964894876 9.77029814960555 0.00369563354328966 0 -0.0949259525106754 -0.0631745968405389
16.1000000000025 109.761691882391 6.62875001977227 9.76920317490219 0.00380496699821341 0 -0.0976169188239146 -0.0596587501779504
16.1600000000025 110.13604853279 6.0430077080307 9.76752465399157 0.00397338286228023 0 -0.101360485327896 -0.0543870693722763
16.2200000000025 110.475264372886 5.45730818919962 9.76566938069952 0.00415989781680422 0 -0.104752643728862 -0.0491157737027966
16.2600000000025 110.681883061538 5.06688045189023 9.76474307591656 0.00425321553327739 0 -0.106818830615375 -0.045601924067012
16.3200000000026 110.962532815523 4.48134581800781 9.76326284059389 0.00440118749187731 0 -0.109625328155234 -0.0403321123620703
16.3600000000026 111.130114648724 4.09094860024014 9.76247235436646 0.00448166262653589 0 -0.11130114648724 -0.0368185374021613
16.4200000000026 111.352211965364 3.50543771519442 9.76120553553902 0.00460945744145549 0 -0.113522119653644 -0.0315489394367498
16.4600000000026 111.480757921236 3.11507412694793 9.76082228898966 0.00464672496579817 0 -0.114807579212356 -0.0280356671425314
16.5200000000026 111.644309676252 2.52968462613887 9.75967479610954 0.00476247023982737 0 -0.116443096762523 -0.0227671616352499
16.5600000000026 111.73383036512 2.13941662850604 9.75898607595026 0.00483242907993456 0 -0.117338303651195 -0.0192547496565544
16.6000000000026 111.807739474578 1.7491807294745 9.75838805567768 0.00489277673167483 0 -0.118077394745778 -0.0157426265652705
16.6400000000026 111.866039063782 1.35890045948541 9.75792725030698 0.00493925400325742 0 -0.118660390637815 -0.0122301041353687
16.7000000000026 111.924221409019 0.773559296676197 9.75734357634961 0.004998293635509 0 -0.119242214090191 -0.00696203367008577
16.7400000000026 111.943498280481 0.383330608303581 9.75692287507058 0.00504102173553153 0 -0.119434982804814 -0.00344997547473223
16.8000000000026 111.943145466736 -0.20200597962625 9.75652579710135 0.00508129143837165 0 -0.119431454667356 0.00181805381663625
16.8400000000026 111.923398537911 -0.592230317306175 9.75611098106134 0.00512365284885714 0 -0.119233985379105 0.00533007285575557
16.9000000000026 111.864512135857 -1.17755700510438 9.75605170809988 0.0051296944497791 0 -0.118645121358568 0.0105980130459394
16.9400000000026 111.805744548328 -1.56777133371259 9.75580883676896 0.00515462176613069 0 -0.118057445483282 0.0141099420034133
17.0000000000027 111.68832710688 -2.15307286048075 9.7556421237397 0.00517201578510902 0 -0.1168832710688 0.0193776557443267
17.0400000000027 111.590539350291 -2.54325943161844 9.75540787898816 0.00519624651032761 0 -0.115905393502908 0.0228893348845659
17.1000000000027 111.414594011032 -3.12851625820433 9.75519704961945 0.00521841479906679 0 -0.11414594011032 0.028156646323839
17.1400000000027 111.277789226966 -3.51866644390867 9.75500080773488 0.00523902313015498 0 -0.11277789226966 0.031667997995178
17.2000000000027 111.043323355028 -4.10385691594561 9.75463554026033 0.00527716551726818 0 -0.110433233550284 0.0369347122435105
17.2400000000027 110.867507826653 -4.49393736402089 9.75427584318803 0.00531465284106723 0 -0.108675078266533 0.040445436276188
17.3000000000027 110.574526624288 -5.07906333256919 9.75377408674617 0.00536705270043109 0 -0.105745266242884 0.0457115699931227
17.3400000000027 110.359704086441 -5.46910069975152 9.75333170944865 0.00541296315588414 0 -0.103597040864406 0.0492219062977637
17.4000000000027 110.008217082941 -6.05410123150888 9.75257928017391 0.00549124493618638 0 -0.10008217082941 0.0544869110835799
17.4400000000027 109.754394307965 -6.44406175027916 9.75201418780099 0.005549880983075 0 -0.0975439430796541 0.0579965557525124
17.5000000000027 109.344414661988 -7.02895312623743 9.75110064112941 0.00564498491175582 0 -0.0934441466198769 0.0632605781361368
17.5400000000027 109.051601771498 -7.41881255308081 9.750373781922 0.00572011041671397 0 -0.090516017714981 0.0667693129777273
17.5800000000027 108.743195069721 -7.80856726723353 9.74943047828209 0.0058176850537453 0 -0.0874319506972097 0.0702771054051018
17.6200000000027 108.41919623164 -8.19846169854434 9.74888884647642 0.00587434595940562 0 -0.0841919623163994 0.073786155286899
17.6600000000027 108.079607316642 -8.5881767444282 9.74790227079158 0.00597642261075283 0 -0.0807960731664207 0.0772935906998538
17.7200000000026 107.540992056951 -9.17278295169287 9.74674724159173 0.00609718350180469 0.00714512599572653 -0.0754099205695093 0.0825550465652358
17.7600000000026 107.1624351223 -9.56231627907228 9.74552884935223 0.00622174119701037 0.0215816212843776 -0.0716243512229994 0.0860608465116505
17.8200000000026 106.565738715348 -10.1347209455302 9.71402510374591 0.00943468486467051 0.0471367226406715 -0.0656573871534783 0.0912124885097722
17.8600000000026 106.149791391566 -10.4880014841943 9.62243982458993 0.0187707196090838 0.0800308220827566 -0.061497913915664 0.0943920133577491
17.9200000000026 105.500662018196 -10.975015782975 9.37791852831478 0.0436978822131127 0.123799343947575 -0.0550066201819573 0.0987751420467752
17.9600000000026 105.054049178609 -11.230106019859 9.04083629286387 0.0780601766580574 0.174329806340218 -0.0505404917860869 0.101070954178731
18.0000000000026 104.59796911513 -11.4483967795608 8.61218001408164 0.121757504025082 0.231385686204969 -0.0459796911512967 0.103035571016047
18.0400000000026 104.135475024115 -11.5875907773256 7.98570523842051 0.185619766270422 0.294319252959747 -0.0413547502411529 0.104288316995931
18.1000000000026 103.43736272119 -11.636591227942 6.64671631468955 0.322114266519665 0.364674946799326 -0.0343736272118986 0.104729321051478
18.1400000000026 102.975084084435 -11.5316693827439 5.41030942084 0.448151156398546 0.438709130399667 -0.0297508408443537 0.103785024444695
18.2000000000026 102.293088596896 -11.2559461098126 3.27495988406499 0.665824136318527 0.517081759419018 -0.0229308859689627 0.101303514988313
18.2400000000025 101.853321255883 -10.9081787350319 1.49195033678854 0.847580061379698 0.596722155475473 -0.018533212558832 0.0981736086152873
18.2800000000025 101.428785521304 -10.4945767869477 0.425110827431176 1.04299878343817 0.67688549134496 -0.0142878552130424 0.0944511910825291
18.3200000000025 101.024778397172 -9.9477929399881 2.56805029408951 1.26144557969499 0.756167843833135 -0.0102477839717176 0.0895301364598929
18.3600000000025 100.646676800796 -9.26634546113627 4.90939322214499 1.50011591612474 0.833098184975403 -0.00646676800795831 0.0833971091502264
18.4200000000025 100.139724294655 -8.00872862989206 8.8260024084953 1.89936416026314 0.903779499697882 -0.00139724294655025 0.0720785576690286
18.4600000000025 99.8497999875108 -6.99577620253682 11.5999814019095 2.18213561232283 0.968243485645605 0.00150200012489222 0.0629619858228313
18.5000000000025 99.6016050260514 -5.92276963310577 14.2845449437073 2.45579218524694 1 0.00398394973948598 0.0533049266979519
18.5400000000025 99.3998295759084 -4.73484060877172 16.9920628226131 2.73178848474378 1 0.0060017042409163 0.0426135654789455
18.5800000000025 99.248303030734 -3.46494241875827 19.7569131639906 3.01362889973247 1 0.0075169696926605 0.0311844817688244
18.6200000000025 99.1486750284676 -2.16724069729405 22.2873757586057 3.27157640502542 1 0.00851324971532449 0.0195051662756464
18.6600000000025 99.1009831436677 -0.868596809849137 24.6641387181578 3.51385608742577 1 0.0089901685633231 0.00781737128864224
18.7200000000025 99.1269133132882 1.0813165816156 27.5727644830742 3.81035187339895 0.998999017632577 0.00873086686711758 -0.00973184923454036
18.7800000000024 99.2699387050234 3.03367926961978 29.8131833162804 4.03873239223011 0.978996517155765 0.00730061294976622 -0.027303113426578
18.8400000000024 99.5300927744247 4.98576464248347 31.2204524376976 4.18218390687858 0.938823707629167 0.00469907225575298 -0.0448718817823513
18.8800000000024 99.767625090084 6.25451551436031 31.8587350663514 4.24724751921868 0.884856817099084 0.00232374909915961 -0.0562906396292428
18.9200000000024 100.055256706662 7.49022633101335 32.1153829723657 4.27340834694752 0.816892213053339 -0.000552567066624761 -0.0674120369791201
18.9800000000024 100.574128071894 9.20245632545111 31.6684875167682 4.22785141856316 0.72832882540534 -0.00574128071893938 -0.08282210692906
19.0400000000024 101.186129893176 10.6973328895418 30.5383472490087 4.11264640312558 0.620191530467701 -0.0118612989317626 -0.0962759960058762
19.0800000000024 101.639470915776 11.5441320323935 29.4076369997005 3.9973838521695 0.499899633018402 -0.0163947091577575 -0.103897188291542
19.1200000000024 102.124855412403 12.299557767864 28.0455937157142 3.85853985754282 0.367955058983595 -0.0212485541240312 -0.110696019910776
19.1800000000024 102.896566843032 13.0902917462269 25.1415220144113 3.5625054725771 0.221176764837234 -0.0289656684303191 -0.117812625716042
19.2400000000023 103.696134455502 13.4423450090699 21.1414418209609 3.1547474193948 0.0632343152005845 -0.0369613445550203 -0.120981105081629
19.2800000000023 104.233428345528 13.4274504839879 17.9323284138265 2.8276188776694 0 -0.042334283455275 -0.120847054355891
19.3200000000023 104.767432156019 13.2783012925465 14.4701785015841 2.47469663133312 0 -0.0476743215601891 -0.119504711632918
19.3800000000023 105.543920326279 12.744659262444 8.85549879598994 1.90235158201049 0 -0.0554392032627948 -0.114701933361996
19.4400000000023 106.285177421174 12.1575613596687 3.65056379131677 1.37177463632391 0 -0.0628517742117401 -0.109418052237019
19.4800000000023 106.759784949361 11.7663342067777 0.555508782971276 1.05627200484686 0 -0.0675978494936135 -0.105897007861
19.5200000000023 107.218742886209 11.3751400711985 2.31105652514521 0.764063632330411 0 -0.0721874288620893 -0.102376260640786
19.5600000000023 107.662054966087 10.9840072380751 4.69233696733795 0.521321957965241 0 -0.0766205496608745 -0.0988560651426762
19.6000000000023 108.089722271194 10.5929020310662 6.53745494331435 0.333235183767285 0 -0.0808972227119375 -0.0953361182795959
19.6400000000023 108.501751084928 10.2019431245999 8.10101459962264 0.173849693934042 0 -0.085017510849284 -0.0918174881213992
19.7000000000023 109.090470894822 9.6155481149374 9.51078758945983 0.0301416204943692 0 -0.0909047089482192 -0.0865399330344366
19.7400000000022 109.463407458505 9.22470785277456 9.77871328791437 0.00284801488835474 0 -0.0946340745850466 -0.083022370674971
19.7800000000022 109.820710836095 8.83384978373901 9.777033084512 0.00301443915479873 0 -0.098207108360948 -0.0795046480536511
19.8200000000022 110.162380434806 8.44307977402104 9.77541071773598 0.00317694474323054 0 -0.101623804348055 -0.0759877179661894
19.8600000000022 110.488423723727 8.05234249287062 9.77396229670288 0.00332272700102632 0 -0.104884237237275 -0.0724710824358356
19.9200000000022 110.94818768953 7.46639223071789 9.77187864898795 0.00353078718250448 0 -0.109481876895297 -0.067197530076461
19.9600000000022 111.235165640828 7.07570621621194 9.77076147959943 0.00364168095326419 0 -0.112351656408282 -0.0636813559459075
