0.039999999999992 76.8245897779707 0.0358716091143663 0.0922284977802053 1.00914786223356 1 1.85403281776235 -0.00143486436457465
0.0799999999999841 76.8621519500157 1.226084471939 3.06833841079241 1.31247722204453 1 1.85102784399875 -0.0490433788775601
0.119999999999976 76.9466207317309 2.40677386853056 6.02035382964252 1.61338548203648 1 1.84427034146152 -0.0962709547412226
0.159999999999968 77.0785864443751 3.59523997986497 8.99181522055954 1.91628048013134 1 1.83371308444999 -0.143809599194599
0.219999999999956 77.365772946272 5.38050631627291 13.4552732188398 2.37126988972627 1 1.81073816429824 -0.215220252650917
0.259999999999948 77.6167782625416 6.57183060601731 16.4336458926858 2.6748780619652 1 1.79065773899667 -0.262873224240693
0.319999999999936 78.0826941238483 8.3604441128541 20.9052459244025 3.13070449281776 1 1.75338447009213 -0.334417764514164
0.359999999999928 78.4529592703329 9.55392383928306 23.8889356159979 3.43485666014772 1 1.72376325837336 -0.382156953571322
0.419999999999916 79.0979198905407 11.3456353098182 28.3680654154938 3.89145110292418 1 1.67216640875675 -0.453825412392729
0.459999999999908 79.5876497470308 12.5411138326499 29.7371034383158 4.03101410683008 1 1.63298802023754 -0.501644553305997
0.519999999999897 80.4119568197057 14.335775550404 29.8230876169509 4.0397899868272 1 1.56704345442355 -0.57343102201616
0.559999999999889 81.0213481227402 15.5331595495196 29.8451392284703 4.0420419222033 1 1.51829215018079 -0.621326381980784
0.619999999999877 82.0252893146826 17.3306252261332 29.8754188453086 4.04513061784197 1 1.43797685482539 -0.693225009045328
0.659999999999869 82.754529283382 18.5298418862734 29.8950820416541 4.04713423079791 1 1.37963765732944 -0.741193675450936
0.699999999999861 83.5317590804771 19.7297720923687 29.9143877033173 4.04910013284305 1 1.31745927356184 -0.78919088369475
0.739999999999853 84.3570050759008 20.9303282130388 29.9331508109568 4.05100987077198 1 1.25143959392793 -0.837213128521552
0.779999999999845 85.2302957882639 22.131619096124 29.9517047842446 4.05289777940261 1 1.18157633693889 -0.885264763844961
0.839999999999833 86.63037022145 23.9347110975498 29.9786573560315 4.05563968416878 1 1.069570382284 -0.95738844390199
0.879999999999825 87.6238838682184 25.1375466585072 29.9960881055312 4.05741276073323 0.984587424202239 0.990089290542528 -1.00550186634029
0.919999999999817 88.6655314797536 26.3410685025293 30.0133326998815 4.05916689538351 0.837702165720782 0.906757481619716 -1.05364274010117
0.959999999999809 89.7550899214111 27.5327842968501 29.9991610837799 4.05771858977757 0.555983600133888 0.81959280628711 -1.101311371874
0.999999999999801 90.8894996336894 28.5955448683888 29.6607208929225 4.02321537961566 0.141001834703183 0.728840029304847 -1.14382179473555
1.03999999999979 92.0572138660355 29.315608269152 28.4637907395398 3.90120042236381 0 0.635422890717164 -1.17262433076608
1.07999999999979 93.2380624542711 29.4779487731895 25.8706668889702 3.63686193521754 0 0.54095500365831 -1.17911795092758
1.11999999999978 94.409837226849 29.1944061352406 22.1611906912675 3.25872607568275 0 0.447213021852076 -1.16777624540962
1.15999999999977 95.5657664473401 28.7981906917798 18.1683483016785 2.8517048292773 0 0.354738684212789 -1.15192762767119
1.21999999999976 97.2699807023164 28.2048230624301 12.1783371769267 2.24109686611474 0 0.218401543814689 -1.1281929224972
1.25999999999975 98.3863481080625 27.8093333574808 8.18315694276972 1.83383742762576 0 0.129092151354998 -1.11237333429923
1.31999999999974 100.031252474291 27.2163859256751 2.18832566261962 1.22273794505666 0 -0.00250019794330001 -1.08865543702701
1.35999999999973 101.108097259304 26.8213250231885 1.77863149165769 0.818357001210837 0 -0.0886477807443589 -1.07285300092754
1.41999999999972 102.693747823476 26.2290127536505 7.09740642397548 0.276173238036605 0 -0.215499825878069 -1.04916051014602
1.45999999999971 103.731107018422 25.834253181331 9.32009034185596 0.0496015000556679 0 -0.298488561473787 -1.03337012725324
1.5199999999997 105.25755250291 25.2424638731515 9.879835285018 0.00750624175725462 0 -0.420604200232774 -1.00969855492606
1.55999999999969 106.255462649977 24.8481243296085 9.87514542522577 0.00703503457707387 0 -0.500437011998147 -0.993924973184341
1.61999999999968 107.722753837123 24.2567500266132 9.87016182322599 0.00653471217146168 0 -0.617820306969807 -0.97027000106453
1.65999999999967 108.681241408805 23.8627313881952 9.86648377774169 0.00616221712689625 0 -0.694499312704429 -0.954509255527808
1.71999999999966 110.089426969877 23.2718939659502 9.86120832410552 0.00563004851417986 0 -0.807154157590121 -0.930875758638007
1.75999999999965 111.008527812199 22.8779896782598 9.85831665275884 0.00534133882403888 0 -0.880682224975899 -0.915119587130394
1.79999999999964 111.911879763007 22.4843799152718 9.85519673516877 0.00502791219915218 0 -0.952950381040573 -0.899375196610872
1.83999999999963 112.799493328785 22.0909538097135 9.85193391192227 0.00469907636821774 0 -1.02395946630277 -0.883638152388539
1.87999999999963 113.671371651115 21.6975767546151 9.84866271325724 0.0043685663022716 0 -1.09370973208919 -0.867903070184603
1.93999999999961 114.949683962623 21.1075457606612 9.84428061781835 0.0039332357817417 0 -1.19597471700981 -0.844301830426447
1.97999999999961 115.782238030923 20.714467249232 9.84125174782834 0.00362893087069702 0 -1.26257904247381 -0.82857868996928
2.03999999999959 117.001593822264 20.1252367851634 9.83594747723767 0.0030897357519162 0 -1.36012750578113 -0.805009471406537
2.07999999999959 117.794846427976 19.7320494041416 9.83404188235706 0.00291151451380335 0 -1.42358771423809 -0.789281976165665
2.13999999999957 118.955277425237 19.1431546914774 9.82935974254293 0.00244041850120454 0 -1.51642219401896 -0.765726187659096
2.17999999999957 119.709261273965 18.7504106420828 9.82703318703614 0.00221907766139397 0 -1.57674090191722 -0.750016425683314
2.23999999999955 120.810801857268 18.1617781803202 9.82291462953493 0.00180525136773782 0 -1.6648641485814 -0.726471127212806
2.27999999999955 121.525549653801 17.7695158249561 9.82012781300619 0.00154376613092209 0 -1.72204397230409 -0.710780632998244
2.31999999999954 122.224593059276 17.3769486444545 9.81833346005879 0.00137114865868664 0 -1.7779674447421 -0.695077945778179
2.35999999999953 122.907954065129 16.9849387689766 9.81554964106529 0.00110759392104786 0 -1.83263632521033 -0.679397550759063
2.39999999999952 123.575633753208 16.5930017707804 9.81251918568379 0.000836043667001063 0 -1.8860507002566 -0.663720070831216
2.45999999999951 124.54774359148 16.0048301897623 9.80937520976303 0.000616418667416071 0 -1.9638194873184 -0.64019320759049
2.4999999999995 125.176226423588 15.6131413725619 9.80692504694929 0.000496762313794357 0 -2.01409811388701 -0.624525654902474
2.53999999999949 125.789032264962 15.2211977854497 9.80486659368712 0.000507402872339864 0 -2.06312258119695 -0.608847911417986
2.57999999999949 126.386171622435 14.8295399428196 9.80215077208303 0.000593251900404055 0 -2.11089372979477 -0.593181597712784
2.61999999999948 126.967642331845 14.4378789076813 9.80019818206153 0.000708006406499004 0 -2.15741138654761 -0.577515156307253
2.67999999999947 127.810478877043 13.8504785671729 9.79756693055359 0.000961473481544852 0 -2.22483831016347 -0.554019142686915
2.71999999999946 128.352796150488 13.4590833464825 9.79463668203101 0.00120951115856908 0 -2.26822369203903 -0.538363333859299
2.77999999999945 129.136920850375 12.8720514984844 9.79240410906471 0.00142985365593311 0 -2.33095366802998 -0.514882059939375
2.81999999999944 129.640102559584 12.4807656624186 9.78994900959242 0.00166403135728653 0 -2.37120820476674 -0.499230626496746
2.87999999999943 130.365536635392 11.8938099787635 9.78779872158546 0.00188464980756521 0 -2.42924293083139 -0.475752399150541
2.91999999999942 130.829600755707 11.5028513503005 9.78582089434868 0.00206197250183456 0 -2.46636806045659 -0.460114054012021
2.97999999999941 131.496361100813 10.9161557393924 9.78343330344052 0.00230588950441877 0 -2.51970888806507 -0.436646229575696
3.0199999999994 131.921322362265 10.5252280862619 9.78159968279747 0.00248551422243297 0 -2.55370578898117 -0.421009123450477
3.07999999999939 132.529446987668 9.93895748127606 9.77877503609579 0.00276169937197907 0 -2.60235575901344 -0.397558299251043
3.11999999999938 132.915314919199 9.54777238720908 9.77824976595418 0.00281812881071882 0 -2.63322519353591 -0.381910895488363
3.17999999999937 133.464809026336 8.96184437383323 9.77548984837361 0.003088424666894 0 -2.6771847221069 -0.358473774953329
3.21999999999936 133.811598461936 8.57097974049606 9.77443667130494 0.00319105478723966 0 -2.7049278769549 -0.342839189619842
3.25999999999935 134.142768952996 8.18057788475862 9.77231227600962 0.0034081368093796 0 -2.73142151623964 -0.327223115390345
3.29999999999934 134.458309889073 7.78978964164175 9.77127494149826 0.00351203150883396 0 -2.7566647911258 -0.31159158566567
3.33999999999934 134.758226575097 7.3993178360279 9.76984718242716 0.00365551729642889 0 -2.78065812600777 -0.295972713441116
3.39999999999932 135.178805402829 6.81336352777659 9.76869467920448 0.00376946530490921 0 -2.81430443222634 -0.272534541111064
3.43999999999932 135.439666770166 6.42298046272791 9.76721203232109 0.00392085967805218 0 -2.83517334161326 -0.256919218509116
3.47999999999931 135.68490702915 6.0323890997382 9.76639235563516 0.00400122971456848 0 -2.854792562332 -0.241295563989528
3.5199999999993 135.914526387933 5.64185225395825 9.76477173852816 0.00416682817690681 0 -2.87316211103462 -0.22567409015833
3.55999999999929 136.128528757952 5.25152365939812 9.76422049238751 0.00422190245672977 0 -2.89028230063617 -0.210060946375925
3.61999999999928 136.420264000422 4.66594983214925 9.7625460055513 0.00439040380959139 0 -2.91362112003379 -0.18663799328597
3.65999999999927 136.595232064836 4.27561675695904 9.76237394651467 0.00440587033332643 0 -2.92761856518686 -0.171024670278362
3.69999999999926 136.754593958962 3.88547880955927 9.76074822729223 0.00457229659777126 0 -2.94036751671694 -0.155419152382371
3.73999999999926 136.898335722624 3.49502321968156 9.76070758137042 0.00457445889354744 0 -2.95186685780995 -0.139800928787262
3.77999999999925 137.026472294237 3.1048840204743 9.75954924392363 0.00469030186326672 0 -2.962117783539 -0.124195360818972
3.83999999999924 137.189412469976 2.519528272808 9.75860136087781 0.00478651866657892 0 -2.97515299759805 -0.10078113091232
3.87999999999923 137.278521018568 2.1291442886577 9.75808286931455 0.00483871341327268 0 -2.98228168148547 -0.085165771546308
3.91999999999922 137.352022211184 1.73893069730006 9.75727469167341 0.00492048882110549 0 -2.9881617768947 -0.0695572278920025
3.95999999999921 137.409916047705 1.34875575216493 9.75689054380895 0.00495945600016454 0 -2.99279328381643 -0.0539502300865973
3.9999999999992 137.452198200859 0.958559988668128 9.75656305031878 0.00499264514257812 0 -2.99617585606873 -0.0383423995467251
4.05999999999919 137.48635685211 0.37323438538661 9.75592665115126 0.00505737367089738 0 -2.99890854816884 -0.0149293754154644
4.09999999999918 137.489621592802 -0.0169348996788017 9.75600495657988 0.00504894828464657 0 -2.99916972742416 0.000677395987152067
4.15999999999917 137.465254021459 -0.6022511137366 9.75557032422781 0.00509335709796183 0 -2.99722032171674 0.024090044549464
4.19999999999916 137.429502327694 -0.992399831431513 9.7552776412359 0.00512344814140913 0 -2.99436018621549 0.0396959932572605
4.23999999999916 137.378138950211 -1.38264037256798 9.75539227622306 0.00511196831330648 0 -2.99025111601688 0.0553056149027191
4.27999999999915 137.311168216635 -1.77279815926018 9.75482679310936 0.00517009154254941 0 -2.98489345733076 0.0709119263704071
4.31999999999914 137.228591104737 -2.16299243431445 9.75477848515908 0.00517498511312695 0 -2.97828728837892 0.0865196973725779
4.37999999999913 137.075463792542 -2.74821492696796 9.75455855389022 0.00519797571581845 0 -2.96603710340336 0.109928597078718
4.41999999999912 136.953868082142 -3.13843203224253 9.75460116053199 0.00519413576602276 0 -2.9563094465714 0.125537281289701
4.47999999999911 136.742223972338 -3.72345877601944 9.75409032173008 0.00524694062608569 0 -2.93937791778706 0.148938351040778
4.5199999999991 136.581622230588 -4.1136150960258 9.75383270345214 0.00527404949702158 0 -2.926529778447 0.164544603841032
4.57999999999909 136.31146544253 -4.6987526575187 9.75380311326449 0.00527828409608785 0 -2.90491723540239 0.187950106300748
4.61999999999908 136.111854527378 -5.08874868431897 9.7528859517619 0.0053724275136018 0 -2.88894836219028 0.203549947372759
4.67999999999907 135.783188203117 -5.67373169967625 9.75230471049412 0.00543365881516905 0 -2.86265505624935 0.22694926798705
4.71999999999906 135.544578725589 -6.06372740515256 9.75180835275502 0.00548578698437345 0 -2.84356629804708 0.242549096206102
4.77999999999905 135.157421922777 -6.64861935559847 9.75098202307117 0.00557093714877975 0 -2.81259375382215 0.265944774223939
4.81999999999904 134.879818002228 -7.03852227687712 9.75019661869995 0.00565230483544453 0 -2.79038544017822 0.281540891075085
4.87999999999903 134.434177982272 -7.62330784858989 9.74959383550891 0.00571685336788427 0 -2.75473423858173 0.304932313943596
4.93999999999902 133.953455376439 -8.20801070570799 9.74842903487111 0.00583775468629891 0 -2.7162764301151 0.32832042822832
4.99999999999901 133.437654512469 -8.79252332691377 9.74684813555027 0.00599963336391933 0 -2.6750123609975 0.351700933076551
5.039999999999 133.074305569171 -9.18218616037855 9.74603676826328 0.00608428270269526 0 -2.64594444553368 0.367287446415142
5.07999999999899 132.69536909787 -9.57180325546537 9.74515035424797 0.00617677271878444 0 -2.61562952782959 0.382872130218615
5.11999999999898 132.300848447834 -9.96137945757469 9.74410165511796 0.00628502830423471 0 -2.58406787582673 0.398455178302988
5.15999999999897 131.890747739002 -10.350905762799 9.74314141249503 0.00638498897119813 0 -2.55125981912017 0.414036230511961
5.21999999999896 131.246387284482 -10.9350874062622 9.74138454818132 0.00656619387281098 0 -2.49971098275855 0.43740349625049
5.25999999999895 130.797341733472 -11.3245107246696 9.7403217729871 0.00667609947552808 0 -2.46378733867779 0.452980428986785
5.29999999999895 130.332721428946 -11.7138081796868 9.7389389143388 0.0068187530265767 0 -2.42661771431565 0.468552327187473
5.33999999999894 129.852529512369 -12.1031159575479 9.73773512232832 0.00694371426136522 0 -2.38820236098953 0.484124638301917
5.37999999999893 129.356772371219 -12.4922591903917 9.73658014582294 0.00706357028847238 0 -2.34854178969748 0.499690367615668
5.43999999999892 128.583944058861 -13.0759641150899 9.73441717806854 0.00728757356565266 0 -2.28671552470885 0.523038564603594
5.47999999999891 128.049273700337 -13.4650464650828 9.73308041329721 0.00742579270456719 0 -2.24394189602695 0.538601858603312
5.5199999999989 127.499041259056 -13.8541013760542 9.73177729397253 0.0075607185479532 0 -2.19992330072448 0.554164055042169
5.55999999999889 126.933250958449 -14.2429312881858 9.73003652119591 0.00774154410261811 0 -2.15466007667594 0.569717251527433
5.59999999999889 126.351910163532 -14.6316942451297 9.72827331074798 0.00792348944369161 0 -2.10815281308256 0.585267769805186
5.65999999999887 125.450739722 -15.2148517883136 9.72582563645705 0.00817591003866974 0 -2.03605917776004 0.608594071532544
5.69999999999887 124.830525885569 -15.6035141472031 9.72423810884197 0.00834109075049505 0 -1.98644207084551 0.624140565888126
5.73999999999886 124.194767942419 -15.9921004331346 9.72243449303078 0.00852707153508431 0 -1.93558143539354 0.639684017325384
5.77999999999885 123.543472175603 -16.3805742047759 9.72076105007705 0.00870092501566891 0 -1.88347777404822 0.655222968191037
5.83999999999884 122.537396188593 -16.9631410189552 9.71791596471346 0.00899436442990563 0 -1.8029916950874 0.678525640758209
5.87999999999883 121.847262250492 -17.3514695949687 9.71603171549865 0.00918942185095367 0 -1.74778098003939 0.69405878379875
5.93999999999882 120.782942810911 -17.9337190189898 9.71289939502554 0.00951404480140821 0 -1.66263542487286 0.717348760759591
5.97999999999881 120.053992901463 -18.3217690605 9.71104057112967 0.00970513196813427 0 -1.60431943211704 0.732870762420001
6.0399999999988 118.93147322291 -18.9036104882909 9.70769002239938 0.0100505560879249 0 -1.51451785783283 0.756144419531634
6.07999999999879 118.163733764901 -19.2914800691065 9.7056710509429 0.0102583228225332 0 -1.45309870119207 0.771659202764259
6.11999999999878 117.380481824744 -19.679218739285 9.70349115171187 0.0104839742722393 0 -1.39043854597956 0.7871687495714
6.15999999999877 116.581726931501 -20.0667387837697 9.70097063393782 0.0107447972094945 0 -1.32653815452009 0.802669551350787
6.19999999999877 115.767465454526 -20.4544696626423 9.6991772727733 0.0109293187275831 0 -1.2613972363621 0.818178786505692
6.25999999999875 114.517018252402 -21.0354697084476 9.69536509196454 0.0113230656846734 0 -1.16136146019213 0.841418788337905
6.29999999999875 113.664022622164 -21.4227168415057 9.69281015224643 0.0115870800446307 0 -1.09312180977315 0.856908673660229
6.33999999999874 112.795538873062 -21.809877181553 9.69037126392109 0.0118377421088222 0 -1.023643109845 0.872395087262121
6.37999999999873 111.911571229226 -22.1969419931364 9.687908430263 0.0120923421364179 0 -0.952925698338077 0.887877679725456
6.41999999999872 111.01212597324 -22.5838950108077 9.68549679414679 0.0123429736975302 0.02238572257307 -0.880970077859238 0.903355800432308
6.47999999999871 109.63394573878 -23.164008209501 9.6812971320566 0.0127757118602843 0.178230391850684 -0.770715659102425 0.926560328380039
6.5199999999987 108.696898468537 -23.5149080019821 9.58920003402353 0.0221595250213787 0.423074834446988 -0.695751877482981 0.940596320079284
6.57999999999869 107.272506899317 -23.7912884246289 8.82653252765416 0.0998998972820856 0.792925819486802 -0.581800551945344 0.951651536985158
6.61999999999868 106.329625092098 -23.499990803179 7.12973116100236 0.272868575438123 1 -0.506370007367805 0.939999632127161
6.67999999999867 104.95496745524 -22.4695346136993 3.10105528986821 0.683546563290648 1 -0.396397396419197 0.89878138454797
6.71999999999866 104.092738834326 -21.2522338040887 0.910639618350566 1.09246224724632 1 -0.327419106746092 0.850089352163547
6.77999999999865 102.890747825499 -19.4250339750171 6.92987139438905 1.70606572897232 1 -0.231259826039895 0.777001359000686
6.81999999999864 102.150349321309 -18.2062369461623 10.9442386687025 2.1152811359672 1 -0.172027945704758 0.72824947784649
6.87999999999863 101.131207788829 -16.3768145197415 16.9680700080521 2.72933553980384 1 -0.0904966231063008 0.655072580789661
6.91999999999862 100.512789655244 -15.1563167491813 20.8965588134892 3.12979555770943 1 -0.0410231724195182 0.606252669967253
6.97999999999861 99.676739665214 -13.3243832081505 26.1673338958114 3.66708471122064 1 0.0258608267828822 0.532975328326021
7.0199999999986 99.1804703365779 -12.1021783807305 28.4945918559487 3.9043198568859 1 0.0655623730737716 0.484087135229221
7.07999999999859 98.5277841588249 -10.2673765944336 30.5054404051998 4.10930181167368 1 0.117777267294005 0.410695063777345
7.11999999999858 98.1538552043494 -9.04314478915664 30.5227589481727 4.11106859934461 1 0.147691583652049 0.361725791566266
7.17999999999857 97.6848247119924 -7.20547636445058 30.5489240061632 4.11373738396195 1 0.185214023040608 0.288219054578023
7.23999999999856 97.3261364549398 -5.36577447138974 30.5769483646792 4.11659519127467 1 0.213909083604813 0.21463097885559
7.27999999999855 97.148372954689 -4.13826302052193 30.5964087827511 4.11857940731197 1 0.228130163624883 0.165530520820877
7.33999999999854 96.9738517156802 -2.29519603882282 30.6267523804245 4.1216729388244 1 0.242091862745583 0.0918078415529129
7.37999999999853 96.9189775021514 -1.06539467844918 30.6475044493434 4.12378840818557 1 0.246481799827889 0.0426157871379672
7.41999999999852 96.91332624387 0.165423539618715 30.669038496224 4.12598343759425 1 0.246933900490403 -0.00661694158474859
7.45999999999852 96.9569365992211 1.39725769921377 30.6911747727877 4.12823970464873 1 0.243445072062314 -0.0558903079685507
7.49999999999851 97.0498466324061 2.62998928230206 30.7135308221278 4.13051822334057 1 0.236012269407511 -0.105199571292083
7.5399999999985 97.1920939702541 3.86368485552393 30.7364280079672 4.1328517505495 1 0.224632482379675 -0.154547394220957
7.57999999999849 97.3837225225288 5.09837183204345 30.7596519036674 4.13521841960281 1 0.209302198197693 -0.203934873281738
7.61999999999848 97.6247619575588 6.33393876087368 30.7828622931289 4.13758354940059 0.936661492960349 0.190019043395296 -0.253357550434947
7.67999999999847 98.079053423251 8.18907483629923 30.8183735205995 4.14120184865355 0.762774225648297 0.153675726139918 -0.327562993451969
7.73999999999846 98.6385409903014 9.89119057544264 30.4659942411984 4.10527949054732 0.476043323406479 0.108916720775887 -0.395647623017705
7.77999999999845 99.0598058622563 10.7434130830308 29.5220466646168 4.0090550450062 0.121522331104741 0.0752155310194939 -0.429736523321233
7.81999999999844 99.5105037995381 11.3629884009882 27.993939106894 3.85328313104503 0 0.0391596960369498 -0.454519536039527
7.85999999999844 99.9708324234234 11.4591447116547 25.1547443168867 3.56386318412871 0 0.00233340612612665 -0.45836578846619
7.89999999999843 100.421453414834 11.1666990191727 21.341801058162 3.17518247797249 0 -0.0337162731867284 -0.44666796076691
7.93999999999842 100.856423193356 10.7754716428796 17.2794936805114 2.76108244178495 0 -0.0685138554684818 -0.431018865715185
7.97999999999841 101.275748146465 10.3842707143253 13.2147740649906 2.34673655528957 0 -0.102059851717204 -0.415370828573012
8.0399999999984 101.875411058893 9.79798790360081 7.11452089832749 1.72489428770007 0 -0.1500328847114 -0.391919516144033
8.07999999999839 102.255642141565 9.40705487121291 3.04497856761296 1.31005681548944 0 -0.18045137132518 -0.376282194848516
8.13999999999838 102.796676648897 8.82079138272219 2.6759732595437 0.726879938784194 0 -0.22373413191177 -0.352831655308888
8.17999999999837 103.13782653166 8.43009634380367 5.78326610560657 0.410131284840383 0 -0.251026122532785 -0.337203853752147
8.21999999999836 103.46335000149 8.03938080138816 8.3089929239465 0.152665838905139 0 -0.277068000119179 -0.321575232055527
8.25999999999836 103.773244509473 7.64864090280236 9.52623333044421 0.0285843334027081 0 -0.301859560757875 -0.305945636112094
8.29999999999835 104.067509514396 7.25794540316919 9.77185778385505 0.00355490200712125 0 -0.325400761151686 -0.290317816126768
8.33999999999834 104.346154493629 6.86751214292762 9.7698724039697 0.00375498207510271 0 -0.34769235949032 -0.274700485717105
8.39999999999833 104.734825115767 6.28150346538449 9.76818547242312 0.00392283119950619 0 -0.378786009261385 -0.25126013861538
8.43999999999832 104.974416347221 5.89113194650994 9.76711333937478 0.00403174223699122 0 -0.397953307777643 -0.235645277860398
8.49999999999831 105.304516069125 5.30544812353082 9.76550690523462 0.00419177986357514 0 -0.424361285530031 -0.212217924941233
8.5399999999983 105.505060324795 4.91500204311509 9.76444656385134 0.00429873906092606 0 -0.440404825983569 -0.196600081724604
8.57999999999829 105.68998563604 4.52456227063487 9.76380836280506 0.0043633604097745 0 -0.455198850883171 -0.180982490825395
8.61999999999829 105.859296715353 4.13419122228225 9.7629470697218 0.00445012894458599 0 -0.468743737228215 -0.16536764889129
8.65999999999828 106.01299562247 3.74390029032878 9.76182458784912 0.00456338644525418 0 -0.481039649797604 -0.149756011613151
8.71999999999827 106.214270714205 3.15841378767196 9.76066065316206 0.004680377863715 0 -0.497141657136381 -0.126336551506878
8.75999999999826 106.328936397447 2.76807365585292 9.76016933213439 0.00472946697998858 0 -0.50631491179578 -0.110722946234117
8.81999999999825 106.471662683063 2.18263537500732 9.7595022966354 0.00479698016873734 0 -0.517733014645055 -0.0873054150002929
8.85999999999824 106.547299365862 1.79238535550442 9.75855831192365 0.00489288016642524 0 -0.523783949268982 -0.0716954142201769
8.91999999999823 106.6314857814 1.20694911933525 9.7579915644343 0.00494998934468408 0 -0.530518862511963 -0.04827796477341
8.95999999999822 106.668097583111 0.816733041762632 9.75736011590282 0.00501370727906795 0 -0.53344780664891 -0.0326693216705053
8.99999999999821 106.689102028846 0.426526534010463 9.75703542129886 0.00504708956113562 0 -0.535128162307665 -0.0170610613604185
9.0399999999982 106.694494301802 0.0362446764025464 9.75696775741361 0.00505368639982131 0 -0.535559544144198 -0.00144978705610185
9.07999999999819 106.684278137167 -0.354055914110035 9.75710143380766 0.00503990962987837 0 -0.534742250973359 0.0141622365644014
9.11999999999819 106.658451370778 -0.744242908940279 9.75661441348543 0.00508976936978094 0 -0.53267610966228 0.0297697163576112
9.15999999999818 106.617018226185 -1.13447959102689 9.75635578546353 0.00511634138896441 0 -0.529361458094791 0.0453791836410755
9.19999999999817 106.559973397991 -1.52464031044872 9.75585692019251 0.0051671791665706 0 -0.524797871839255 0.0609856124179487
9.23999999999816 106.487322191824 -1.91487149849522 9.75574600933776 0.00517873682002713 0 -0.518985775345936 0.0765948599398087
9.29999999999815 106.349080159562 -2.50013958188495 9.75546154480982 0.00520823259109015 0 -0.507926412764937 0.100005583275398
9.33999999999814 106.23741035501 -2.89034285109351 9.75547550943143 0.00520725954657029 0 -0.498992828400806 0.11561371404374
9.37999999999813 106.11013151973 -3.28057547482156 9.75552451177271 0.00520275314211891 0 -0.488810521578416 0.131223018992862
9.41999999999813 105.967247877037 -3.6706475489308 9.75491092409386 0.00526591092910001 0 -0.477379830162972 0.146825901957232
9.45999999999812 105.808757856372 -4.0607747963795 9.75489482532297 0.00526830458059216 0 -0.464700628509745 0.16243099185518
9.51999999999811 105.541762751644 -4.64594057927152 9.75421691581593 0.00533837985440326 0 -0.443341020131484 0.185837623170861
9.5599999999981 105.344262475614 -5.03605782907582 9.7539183842865 0.00537005054013332 0 -0.42754099804908 0.201442313163033
9.61999999999809 105.018759998726 -5.62109327016695 9.75343996491319 0.00542011037960696 0 -0.401500799898058 0.224843730806678
9.65999999999808 104.782254773309 -6.01117003201431 9.75282625443587 0.00548353311143218 0 -0.382580381864682 0.240446801280572
9.71999999999807 104.398249532445 -6.59604478107504 9.75203067961153 0.00556610181265098 0 -0.351859962595627 0.263841791243001
9.75999999999806 104.122748293448 -6.98599251394126 9.75133141660483 0.0056389305087574 0 -0.329819863475859 0.27943970055765
9.81999999999805 103.680253552273 -7.57084425104921 9.7504648588297 0.00572986625481374 0.00841348586013513 -0.294420284181833 0.302833770041968
9.85999999999804 103.365766858798 -7.96065687676865 9.74967834126794 0.0058109764708332 0.0575784122270051 -0.269261348703876 0.318426275070746
9.91999999999803 102.86521002755 -8.53170186543751 9.71437644997963 0.00941044329312498 0.169629684640478 -0.229216802204028 0.3412680746175
9.95999999999802 102.515107488958 -8.82749308733301 9.478561407803 0.0334482915281017 0.321520809017145 -0.201208599116653 0.35309972349332
10.019999999998 101.973252966302 -9.08828512235739 8.66795298337482 0.116080562841424 0.527191976607319 -0.157860237304121 0.363531404894296
10.059999999998 101.613800481777 -8.95345067437692 7.35567492325856 0.249851052144463 0.75622596504026 -0.129104038542137 0.358138026975077
10.119999999998 101.094818649348 -8.41529520758684 4.54809939211617 0.536047950311695 1 -0.0875854919478297 0.336611808303473
10.159999999998 100.783595028566 -7.57009397404353 1.46022765434324 0.850816765219255 1 -0.0626876022852957 0.302803758961741
10.219999999998 100.392134074122 -5.90300050518653 4.16963742171269 1.4247081872676 1 -0.0313707259297371 0.236120020207461
10.259999999998 100.193410780514 -4.65768499642844 8.25745774484312 1.84140810871543 1 -0.0154728624410927 0.186307399857138
10.299999999998 100.044523858465 -3.41160213606504 12.3299702178762 2.25654741735753 1 -0.00356190867722034 0.136464085442602
10.3399999999979 99.9455140249338 -2.16455723920139 16.2878354082155 2.65999978129484 1 0.00435887800529599 0.0865822895680554
10.3999999999979 99.890593103948 -0.292119734329745 21.8498966824062 3.22697857162051 1 0.00875255168415606 0.0116847893731898
10.4399999999979 99.9164363897871 0.957480704750097 24.9465060189862 3.54263685191298 0.968385860627026 0.00668508881703019 -0.0382992281900039
10.4999999999979 100.048975583864 2.83352773565451 28.711265470976 3.92640382305968 0.851126704491696 -0.00391804670915008 -0.113341109426181
10.5599999999979 100.291063647135 4.63399211710946 30.5102433149326 4.1097849525932 0.642481928036505 -0.0232850917708129 -0.185359684684378
10.5999999999979 100.506724615349 5.64259045049593 30.4206781218 4.10065418051241 0.376240340788787 -0.0405379692278802 -0.225703618019837
10.6399999999979 100.759318632423 6.48061945242492 29.4029375380728 3.99690807922749 0.0562700720979546 -0.0607454905938357 -0.259224778096997
10.6799999999979 101.034193270491 6.92806877435993 27.407057858551 3.79345356324702 0 -0.0827354616392404 -0.277122750974397
10.7399999999979 101.447845510324 6.74399028651675 22.2713965624491 3.26993934445595 0 -0.115827640825883 -0.26975961146067
10.7999999999979 101.829106009565 6.15798833702924 16.1252978287777 2.64342448063286 0 -0.146328480765224 -0.24631953348117
10.8399999999978 102.06375095027 5.76741607474732 12.0248660144775 2.22543883006004 0 -0.165100076021627 -0.230696642989893
10.8799999999978 102.282776945853 5.37703525142453 7.92264813495002 1.80727116335461 0 -0.182622155668214 -0.215081410056981
10.9199999999978 102.486182913999 4.98655356619612 3.88235804894778 1.39541626799549 0 -0.198894633119926 -0.199462142647845
10.9799999999978 102.762016702443 4.40101297323349 1.84348988377634 0.811740832411234 0 -0.220961336195469 -0.17604051892934
11.0399999999978 103.002713361871 3.81539848875481 6.66302521659846 0.320452054148644 0 -0.240217068949714 -0.152615939550192
11.0799999999978 103.143659798312 3.42506433355709 8.75748393022485 0.106949275328378 0 -0.25149278386496 -0.137002573342284
11.1399999999978 103.325802988722 2.8395642941346 9.76103778718458 0.00465238263507849 0 -0.266064239097759 -0.113582571765384
11.1799999999978 103.427719393047 2.44932248232411 9.75989281335622 0.00476752978242991 0 -0.274217551443726 -0.0979728992929643
11.2399999999978 103.55132168089 1.86388362802253 9.75880379169712 0.00487801297229694 0 -0.284105734471232 -0.0745553451209014
11.2799999999978 103.614210112952 1.47363363452345 9.7584766689229 0.00491063027871196 0 -0.289136809036136 -0.0589453453809381
11.3399999999977 103.679272091365 0.888240509531002 9.75774800684152 0.00498454403643386 0 -0.294341767309234 -0.0355296203812401
11.3799999999977 103.703136722557 0.498062265868469 9.75734933959881 0.00502515419400242 0 -0.29625093780458 -0.0199224906347388
11.4399999999977 103.709660888067 -0.0873934371253426 9.7569523523949 0.00506539604124912 0 -0.296772871045396 0.00349573748501371
11.4799999999977 103.694501229678 -0.477630952259958 9.75671073452286 0.00508996268487065 0 -0.295560098374262 0.0191052380903983
11.5199999999977 103.663733132998 -0.867814341893393 9.75639768366792 0.0051216985754355 0 -0.293098650639877 0.0347125736757357
11.5599999999977 103.617353352485 -1.25808198795255 9.75646548548356 0.0051151155679519 0 -0.289388268198818 0.050323279518102
11.5999999999977 103.555364540662 -1.64825450846141 9.75606690983095 0.00515579890645373 0 -0.284429163252935 0.0659301803384562
11.6399999999977 103.477768861456 -2.03846606091435 9.7558467092581 0.00517851152087257 0 -0.278221508916467 0.0815386424365738
11.6799999999977 103.384562039049 -2.42874320539897 9.75591458869278 0.00517192924466276 0 -0.270764963123947 0.0971497282159589
11.7399999999977 103.215491565177 -3.01401405572375 9.75560891212302 0.00520370730224449 0 -0.257239325214177 0.12056056222895
11.7799999999977 103.083265602821 -3.40417719800662 9.75557118097538 0.00520828611908484 0 -0.246661248225719 0.136167087920265
11.8199999999976 102.935434833169 -3.79432466787877 9.75509202480414 0.00525755718221259 0 -0.234834786653519 0.151772986715151
11.8599999999976 102.771998174023 -4.18444946391101 9.75504536636661 0.00526327374630235 0 -0.221759853921831 0.16737797855644
11.8999999999976 102.592959848815 -4.57453855068093 9.75461686037621 0.00530760019751647 0 -0.207436787905172 0.182981542027237
11.9399999999976 102.398315145285 -4.96464491940476 9.75428940921258 0.00534169972604549 0.00672058515340099 -0.191865211622789 0.19858579677619
11.9999999999976 102.07709464815 -5.54963007533975 9.75341159524017 0.00543301299274262 0.0625382163150073 -0.166167571851984 0.22198520301359
12.0599999999976 101.721434999723 -6.11815066740917 9.71138710790299 0.00971756160726253 0.169549443033535 -0.137714799977839 0.244726026696367
12.0999999999976 101.468136794982 -6.40520000344553 9.45362091033022 0.0359936976749159 0.308306499572833 -0.117450943598524 0.256208000137821
12.1599999999976 101.07193989295 -6.65971154899292 8.62639946334688 0.120319222010812 0.488939770096512 -0.0857551914360374 0.266388461959717
12.1999999999976 100.80911193334 -6.54219796100479 7.35738958775274 0.249678843377324 0.685898733869478 -0.0647289546672255 0.261687918440192
12.2399999999976 100.553960582591 -6.27613458860507 5.71681814241 0.416914288081141 0.892627270806428 -0.044316846607253 0.251045383544203
12.2999999999976 100.212110670866 -5.32844549723012 1.88474356846884 0.807545049927078 1 -0.0169688536692411 0.213137819889205
12.3399999999975 100.031434348202 -4.2473932281877 1.79316176651965 1.18245858664362 1 -0.00251474785618484 0.169895729127508
12.3999999999975 99.8468701709062 -2.44726928269951 7.75593085073819 1.79028503405749 1 0.0122503863275051 0.0978907713079804
12.4599999999975 99.7757233914454 -0.556372026733669 13.9044751319917 2.4170481068288 1 0.0179421286843717 0.0222548810693468
12.4999999999975 99.7913608822273 0.70538074689604 17.776480174971 2.81174778681956 0.988475899545974 0.0166911294218153 -0.0282152298758416
12.5599999999975 99.9095227357466 2.6000546858935 23.149443612715 3.35944997671304 0.891711893250508 0.00723818114027381 -0.10400218743574
12.5999999999975 100.050920885522 3.84533214362099 25.9688531516982 3.64685101189425 0.733824936663914 -0.00407367084175348 -0.15381328574484
12.6399999999975 100.240559167578 5.01165091670011 28.2194914793666 3.87627318031127 0.514114166589679 -0.0192447334062308 -0.200466036668004
12.6799999999975 100.471048642648 5.96763796422775 29.1659380274345 3.97275009310175 0.237724756608699 -0.0376838914118707 -0.23870551856911
12.7199999999975 100.730916119763 6.61121249135267 28.4988760278075 3.9047510339156 0 -0.0584732895810157 -0.264448499654107
12.7599999999975 101.00467319868 6.84393865430739 26.3766244936835 3.68841459475774 0 -0.0803738558944315 -0.273757546172296
12.7999999999975 101.274632176268 6.65047400684213 22.7443853971824 3.31815489505829 0 -0.101970574101433 -0.266018960273685
12.8599999999974 101.650256954483 6.0640707624263 16.5511340263784 2.68683346144003 0 -0.132020556358621 -0.242562830497052
12.9199999999974 101.99073242431 5.47826226333888 10.353747548893 2.05509062082579 0 -0.159258593944833 -0.219130490533555
12.9599999999974 102.198192780837 5.08790664178915 6.21965695434908 1.6336739869581 0 -0.175855422466993 -0.203516265671566
12.9999999999974 102.39003522275 4.69745013227443 2.13032247164586 1.21681966126789 0 -0.191202817820013 -0.187898005290977
13.0399999999974 102.566263921908 4.30710482250834 1.76133931158075 0.820115717621848 0 -0.205301113752648 -0.172284192900333
13.0999999999974 102.801327855093 3.72153493943007 6.6462151704643 0.322166306005997 0 -0.224106228407472 -0.148861397577203
13.1599999999974 103.001260945224 3.13602003829801 9.26976992857614 0.0547290837954108 0 -0.240100875617936 -0.125440801531921
13.1999999999974 103.115031145629 2.74576723538652 9.76174028146441 0.0045810378921265 0 -0.249202491650358 -0.109830689415461
13.2599999999974 103.25641597074 2.16025184090633 9.75952057660305 0.00480598909109268 0 -0.260513277659193 -0.0864100736362531
13.2999999999974 103.331161342445 1.77006700478212 9.75881732529141 0.00487697916856245 0 -0.266492907395586 -0.0708026801912848
13.3599999999973 103.414008409134 1.18460079458649 9.75823780225061 0.00493561231184757 0 -0.273120672730729 -0.0473840317834595
13.3999999999973 103.449729440734 0.794410654327962 9.75757184747513 0.00500314352414248 0 -0.275978355258703 -0.0317764261731185
13.4599999999973 103.47403712594 0.209099891914605 9.75697614100076 0.00506364391791274 0 -0.27792297007516 -0.00836399567658418
13.4999999999973 103.470729645691 -0.181219112269616 9.7568582370966 0.00507568384766632 0 -0.27765837165527 0.00724876449078465
13.5599999999973 103.436503150617 -0.766625141165804 9.75658602510548 0.00510325126679724 0 -0.274920252049342 0.0306650056466322
13.5999999999973 103.394173930632 -1.1567324370443 9.75622225096877 0.00514048023705027 0 -0.271533914450556 0.0462692974817719
13.6599999999973 103.301414337242 -1.74213479085458 9.75593964399323 0.00516961048011942 0 -0.264113146979362 0.0696853916341831
13.6999999999973 103.220063866582 -2.13236653939065 9.75605692366303 0.00515794105823012 0 -0.257605109326541 0.0852946615756258
13.7599999999973 103.068771070335 -2.71764597973782 9.75559000755093 0.00520612113817823 0 -0.245501685626805 0.108705839189513
13.7999999999973 102.948400971713 -3.10779710502138 9.75549247657544 0.00521648098982961 0 -0.235872077737004 0.124311884200855
13.8599999999972 102.73858233809 -3.69305375645168 9.75535722348828 0.00523120279902288 0 -0.219086587047204 0.147722150258067
13.8999999999972 102.579194619437 -4.08321344033894 9.75495894673673 0.00527255138494798 0 -0.20633556955494 0.163328537613558
13.9399999999972 102.404202634469 -4.47335409419603 9.75476656342005 0.00529277882175713 0 -0.192336210757494 0.178934163767841
13.9799999999972 102.213608442806 -4.86341117951849 9.75434888263134 0.00533618628410518 0.0174477717562831 -0.177088675424457 0.19453644718074
14.0199999999972 102.007410473772 -5.25346089153155 9.75395208077439 0.00537784605048656 0.066993369515759 -0.160592837901786 0.210138435661262
14.0599999999972 101.78590131714 -5.6290515621947 9.71726518193659 0.00911799199361175 0.14928332663234 -0.142872105371207 0.225162062487788
14.1199999999972 101.429017375456 -6.08853766575211 9.4025768606699 0.0411969792077513 0.278503443225931 -0.114321390036494 0.243541506630085
14.1599999999972 101.181237833342 -6.23105600691081 8.78349838481229 0.104304577852038 0.433246656835037 -0.0944990266673267 0.249242240276432
14.2199999999972 100.805317326798 -6.23033316433651 7.31846196729703 0.253646893377963 0.618034597264649 -0.0644253861438483 0.249213326573461
14.2599999999972 100.565998929087 -5.90165442930636 5.52147499553167 0.436826751806011 0.808820860109938 -0.0452799143269658 0.236066177172254
14.3199999999972 100.240890040877 -5.10148643975512 2.05810126946062 0.789872995032179 0.99360911442996 -0.019271203270182 0.204059457590205
14.3599999999971 100.065447064466 -4.14866176337431 1.29917334791775 1.13210328951723 1 -0.00523576515726745 0.165946470534972
14.3999999999971 99.9312134867068 -3.04177166042821 5.04172990845479 1.51360791273021 1 0.00550292106345296 0.121670866417128
14.4599999999971 99.8247944940813 -1.13826621872721 11.2269905921426 2.14411381942493 1 0.0140164404734969 0.0455306487490884
14.4999999999971 99.817517411313 0.135576367802358 15.2118881357137 2.55032146136251 1 0.0145986070949584 -0.00542305471209431
14.5399999999971 99.8612105188658 1.41006465990058 18.925078197398 2.92883194117132 0.954700572094709 0.0111031584907323 -0.0564025863960234
14.5799999999971 99.9559250925668 2.68582667908848 22.4701037378477 3.29020009755674 0.850793497525829 0.00352599259465933 -0.107433067163539
14.6199999999971 100.100944763049 3.9248580223296 25.3880055217371 3.58764110398281 0.685723595588686 -0.00807558104395866 -0.156994320893184
14.6799999999971 100.403422420961 5.55475349635132 28.229932634897 3.87733695663122 0.431259662057765 -0.0322737936768681 -0.222190139854053
14.7199999999971 100.648288480239 6.30894509655599 28.5261064778648 3.90752710516495 0.127038779776407 -0.0518630784191191 -0.252357803862239
14.7599999999971 100.91908463696 6.85152089374085 27.5004842686771 3.80297753627331 0 -0.0735267709568143 -0.274060835749634
14.8199999999971 101.334766261396 6.83763094654438 23.1214406942316 3.35659049063356 0 -0.10678130091168 -0.273505237861775
14.859999999997 101.596593455761 6.44684887548679 18.9628152305817 2.9326726758595 0 -0.127727476460859 -0.257873955019472
14.899999999997 101.84279531776 6.0564316453293 14.8021656513823 2.5085485797251 0 -0.147423625420779 -0.242257265813172
14.959999999997 102.182804804295 5.47056970623917 8.55679638200817 1.87191453125554 0 -0.174624384343624 -0.218822788249567
14.999999999997 102.389958221116 5.08023617862754 4.39038651277601 1.44720336830432 0 -0.191196657689288 -0.203209447145102
15.039999999997 102.581491610734 4.68973314779282 0.410046373462485 1.04145946545954 0 -0.206519328858703 -0.187589325911713
15.079999999997 102.757409197045 4.29940638900098 3.13834092994262 0.679747881144835 0 -0.220592735763639 -0.171976255560039
15.119999999997 102.917711520451 3.90898933260179 5.99986251162449 0.388053032988115 0 -0.23341692163609 -0.156359573304072
15.159999999997 103.062403293792 3.51869793778832 8.33203043149346 0.150318880214835 0 -0.244992263503373 -0.140747917511533
15.219999999997 103.250159725547 2.93312379068331 9.76124088133415 0.00463135964948244 0 -0.260012778043747 -0.117324951627332
15.279999999997 103.402788504842 2.34766538211932 9.75979787881946 0.00477733252150798 0 -0.272223080387339 -0.0939066152847727
15.319999999997 103.485029141884 1.95746448961289 9.75900178480469 0.00485789809494437 0 -0.278802331350744 -0.0782985795845156
15.3799999999969 103.579121190705 1.37201201248092 9.7583247460237 0.00492638992068136 0 -0.286329695256427 -0.0548804804992369
15.4199999999969 103.622331743594 0.9816925860422 9.75802953609938 0.00495596813835392 0 -0.289786539487541 -0.039267703441688
15.4799999999969 103.657884512795 0.396397611548309 9.75749470661498 0.00501035676038683 0 -0.292630761023611 -0.0158559044619324
15.5199999999969 103.662072347011 0.00620582210585496 9.75693150449517 0.00506736947880288 0 -0.292965787760913 -0.000248232884234199
15.5799999999969 103.639088874566 -0.579231587390993 9.75648078057117 0.00511329958246429 0 -0.291127109965309 0.0231692634956397
15.6199999999969 103.604254479171 -0.96944120601519 9.75638519248983 0.00512321428354916 0 -0.288340358333662 0.0387776482406076
15.6799999999969 103.522735253791 -1.55475362642893 9.75602021282172 0.00516067604432903 0 -0.281818820303306 0.0621901450571573
15.7199999999969 103.448879117612 -1.94497773415986 9.75607824916974 0.00515499218509446 0 -0.275910329408944 0.0777991093663945
15.7799999999969 103.308829933987 -2.5302935413893 9.75573657850626 0.0051903462243846 0 -0.26470639471896 0.101211741655572
15.8199999999969 103.195952546201 -2.92050912977122 9.75547699062167 0.0052172458389428 0 -0.255676203696057 0.116820365190849
15.8599999999968 103.067469861824 -3.31063916509217 9.75549693997026 0.00521576543699232 0 -0.245397588945925 0.132425566603687
15.8999999999968 102.923378635314 -3.70079815455058 9.75509801890056 0.00525704159141365 0 -0.233870290825143 0.148031926182023
15.9599999999968 102.677981773508 -4.28604026418935 9.75488811446436 0.00527945323435334 0 -0.214238541880623 0.171441610567574
15.9999999999968 102.49487877253 -4.67614606174475 9.75446324745266 0.00532352310473423 0 -0.199590301802382 0.18704584246979
16.0599999999968 102.190969773103 -5.26119628463589 9.75385367085643 0.00538726328836124 0.0351702695372313 -0.175277581848204 0.210447851385435
16.0999999999968 101.968862363137 -5.65122676187072 9.75337443903101 0.00543705057152413 0.103710350961076 -0.157508989050984 0.226049070474829
16.1399999999968 101.73174160847 -6.01191158191301 9.67956006431171 0.0129616285128089 0.205647485560016 -0.13853932867758 0.24047646327652
16.1799999999968 101.482511540991 -6.28597400616295 9.38917412462255 0.0425630943138011 0.338485522527234 -0.1186009232793 0.251438960246518
16.2399999999968 101.097520719864 -6.44061627195927 8.31265621946484 0.152301040496257 0.508308515816452 -0.0878016575891525 0.257624650878371
16.2799999999968 100.845200109994 -6.26501119527475 6.89801365629112 0.296505995963621 0.691292954827919 -0.0676160087995231 0.25060044781099
16.3399999999967 100.488417547545 -5.7174688746167 4.0662234875034 0.585170803255987 0.880918306008955 -0.0390734038036317 0.228698754984668
16.3799999999967 100.282734276843 -4.95139180415049 1.17576629851253 0.879815789161536 1 -0.0226187421474606 0.19805567216602
16.4199999999967 100.110880845343 -4.02650360199479 2.11159316547025 1.21491836787718 1 -0.00887046762742102 0.161060144079792
16.4599999999967 99.9843961695442 -2.84213544164523 6.04768071830302 1.61615104640161 1 0.00124830643646419 0.113685417665809
16.5199999999967 99.8910410087556 -0.914282856422901 12.3297629640195 2.25652664030087 1 0.00871671929955482 0.036571314256916
16.5799999999967 99.9134445021627 1.01592563492855 18.2547769635232 2.86050341367596 0.966287414429838 0.00692443982698023 -0.040637025397142
16.6199999999967 99.9927582948003 2.30394853562464 21.8039382487983 3.22229321156432 0.874708809420829 0.000579336415976286 -0.0921579414249857
16.6599999999967 100.123057504068 3.56468918642378 24.7943218728242 3.52712283526953 0.722276641638427 -0.0098446003254503 -0.142587567456951
16.6999999999967 100.301143448334 4.72115587794683 27.2455821245001 3.77699579809188 0.509338930653819 -0.024091475866735 -0.188846235117873
16.7399999999967 100.519873163779 5.67334634376175 28.4770654789751 3.90252848784667 0.240815223801008 -0.0415898531023413 -0.22693385375047
16.7799999999967 100.767990409979 6.31852134498897 28.1748101635576 3.87171669363222 0 -0.0614392327982932 -0.252740853799559
16.8199999999967 101.030248048599 6.55927044181861 26.4644623087757 3.69736843417337 0 -0.0824198438879103 -0.262370817672744
16.8599999999966 101.289039862691 6.37126728993621 23.033533921057 3.34762974080848 0 -0.103123189015314 -0.254850691597449
16.8999999999966 101.532201039721 5.98027133116955 18.8432332444065 2.92048311835842 0 -0.122576083177701 -0.239210853246782
16.9399999999966 101.759734284598 5.58969187699067 14.6520458058775 2.4932461537171 0 -0.14077874276787 -0.223587675079627
16.9799999999966 101.971651726752 5.19935557904566 10.458601771394 2.06577920910051 0 -0.157732138140127 -0.207974223161826
17.0199999999966 102.16794751992 4.80880116025425 6.26215855484403 1.63800658199773 0 -0.173435801593587 -0.19235204641017
17.0799999999966 102.433117373846 4.223290332883 0.105577761334691 1.01042254495393 0 -0.194649389907718 -0.16893161331532
17.1399999999966 102.663149019121 3.63770055748272 5.08908808630361 0.480895331104957 0 -0.213051921529695 -0.145508022299309
17.1799999999966 102.796989455586 3.24743330465762 7.67769360071876 0.217020754203738 0 -0.223759156446904 -0.129897332186305
17.2399999999966 102.968475436443 2.6619728037243 9.76055873907401 0.00470172561641583 0 -0.237478034915403 -0.106478912148972
17.2799999999966 103.063284760574 2.2716378953655 9.76003733661785 0.00475392951948531 0 -0.24506278084591 -0.09086551581462
17.3199999999966 103.142481912626 1.8813324278876 9.75911240768882 0.00484778854580311 0 -0.251398553010076 -0.075253297115504
17.3599999999965 103.20606483228 1.49097584060451 9.75873822550035 0.00488575566407426 0 -0.256485186582431 -0.0596390336241802
17.4199999999965 103.272174041253 0.905658184386965 9.75783072098392 0.00497725447378702 0 -0.261773923300207 -0.0362263273754786
17.4599999999965 103.296734732459 0.515406329293171 9.75759252001213 0.00500151568924474 0 -0.263738778596744 -0.0206162531717268
17.5199999999965 103.304309761268 -0.0698679930550838 9.75684137495788 0.00507794500338735 0 -0.264344780901447 0.00279471972220335
17.5799999999965 103.276761258603 -0.655265985281758 9.75672143367961 0.00508997458388572 0 -0.262140900688246 0.0262106394112703
17.6199999999965 103.238884359482 -1.04551867203863 9.75637018457042 0.00512618700880959 0 -0.25911074875854 0.041820746881545
17.6799999999965 103.152803247445 -1.63079814465002 9.75606329498338 0.00515750417532345 0 -0.252224259795621 0.0652319257860006
17.7199999999965 103.07590146712 -2.02109546135007 9.75604291765887 0.00515985930427054 0 -0.246072117369622 0.0808438184540029
17.7799999999965 102.931285581202 -2.60633900229055 9.75583619388128 0.00518153929669764 0 -0.23450284649618 0.104253560091622
17.8199999999965 102.815365691786 -2.99653959809878 9.75546766492576 0.00521949793989112 0 -0.225229255342856 0.119861583923951
17.8799999999964 102.612225591321 -3.58174356540712 9.75512112811525 0.00525573888959487 0 -0.208978047305718 0.143269742616285
17.9199999999964 102.457291816245 -3.97191147974912 9.75508196680287 0.00526037735157409 0 -0.196583345299587 0.158876459189965
17.9799999999964 102.195628479705 -4.55709230201133 9.75453906956668 0.00531669618668477 0.00663341370403772 -0.175650278376415 0.182283692080453
18.0199999999964 102.001683960669 -4.9471277665681 9.75399607155518 0.00537343856379736 0.0443838075132624 -0.160134716853499 0.197885110662724
18.0799999999964 101.681846017251 -5.52110388423526 9.72573769948668 0.00825447635280002 0.130680281502609 -0.134547681380063 0.22084415536941
18.1199999999964 101.451580487425 -5.83650061048398 9.53848628078504 0.0273428276595698 0.248013866928008 -0.116126438993961 0.233460024419359
18.1799999999964 101.086888117716 -6.16421079108441 8.89465290015706 0.0929741455692209 0.407631249154127 -0.0869510494172573 0.246568431643377
18.2199999999964 100.841179512674 -6.13678421962972 7.85058499492742 0.199403864732177 0.585808256925397 -0.0672943610139191 0.245471368785189
18.2799999999964 100.482743034489 -5.82670293161901 5.61237187110299 0.427561284403147 0.780256931431076 -0.0386194427590817 0.23306811726476
18.3399999999964 100.168984921649 -4.9317035460991 1.91159611414837 0.804807494633045 0.964006279543112 -0.0135187937319279 0.197268141843964
18.3799999999963 99.9994878637372 -4.00705177359482 1.37512830763973 1.13984611910011 1 4.09709010273218E-05 0.160282070943793
18.4399999999963 99.8239493629662 -2.30868214120075 7.08374029188607 1.72176422814202 1 0.0140840509627014 0.0923472856480299
18.4999999999964 99.7633501437958 -0.361953007826642 13.2923635256757 2.35465148149012 1 0.0189319884963334 0.0144781203130657
18.5399999999964 99.787878641393 0.936998904031626 17.3277505249899 2.76600574810001 0.979489752527292 0.0169697086885571 -0.037479956161265
18.5799999999964 99.8643989084521 2.23707993509977 21.0032540797941 3.14067447437514 0.900854642447131 0.0108480873238295 -0.0894831974039909
18.6399999999964 100.075720200664 4.1544349443148 25.6935475626405 3.61878715355593 0.72861962862139 -0.0060576160531491 -0.166177397772592
18.6999999999965 100.393140353379 5.8568474989645 28.4641469863404 3.90121203028564 0.462894500392503 -0.0314512282703072 -0.23427389995858
18.7399999999965 100.652779756812 6.70080231029723 29.0812921199783 3.96412090899761 0.142640027435623 -0.0522223805449903 -0.268032092411889
18.7799999999965 100.94169769797 7.32069533408004 28.3193952455586 3.88645459186578 0 -0.0753358158376068 -0.292827813363202
18.8399999999966 101.388342447579 7.3684633412286 24.1928911309196 3.46581050553354 0 -0.111067395806313 -0.294738533649144
18.8999999999966 101.807072405936 6.7823568506511 17.8608019929783 2.82033624992943 0 -0.144565792474896 -0.271294274026044
18.9399999999966 102.066688556341 6.3918072573418 13.6370482052262 2.38977946752165 0 -0.165335084507242 -0.255672290293672
18.9799999999966 102.310687821708 6.00136934392053 9.41075080131752 1.95896344926629 0 -0.184855025736615 -0.240054773756821
19.0399999999967 102.647393117193 5.41549213634494 3.15267043124623 1.32103366221133 0 -0.211791449375451 -0.216619685453798
19.0799999999967 102.852342855767 5.02512083318059 0.660148809593218 0.932366642316425 0 -0.228187428461388 -0.201004833327224
19.1399999999967 103.130485205678 4.43942995041722 5.65340413567498 0.423369145536103 0 -0.250438816454262 -0.177577198016689
19.1999999999967 103.373491456732 3.85393479710956 9.15837712264765 0.0660827882751506 0 -0.269879316538572 -0.154157391884382
19.2399999999968 103.515979552525 3.46357089131705 9.76220425921053 0.00453275113426172 0 -0.281278364202008 -0.138542835652682
19.2799999999968 103.642853415571 3.073245995864 9.761143587032 0.00463942419128081 0 -0.291428273245692 -0.12292983983456
19.3199999999968 103.75411304587 2.68292621713414 9.76016968355792 0.00473896606864036 0 -0.300329043669626 -0.107317048685366
19.3799999999968 103.891730443924 2.09743880506454 9.75979932561685 0.00477554404055604 0 -0.311338435513899 -0.0838975522025817
19.4199999999968 103.963963725138 1.70728048218093 9.75872680702549 0.00488452144542576 0 -0.317117098011076 -0.0682912192872374
19.4599999999969 104.020586404367 1.31698044566781 9.75842969498637 0.00491426707333218 0 -0.321646912349388 -0.0526792178267124
19.4999999999969 104.061598585453 0.926751099144226 9.75798800718167 0.00495896022244657 0 -0.324927886836231 -0.0370700439657691
19.5399999999969 104.087004877161 0.536523482295067 9.75723902159616 0.00503504185835649 0 -0.326960390172899 -0.0214609392918027
19.5799999999969 104.096796936123 0.146242599735132 9.7571953380357 0.00503927687815639 0 -0.327743754889816 -0.00584970398940527
19.6199999999969 104.090978392982 -0.244064929197677 9.7570422949275 0.00505464830790661 0 -0.327278271438554 0.00976259716790708
19.659999999997 104.069551411667 -0.634227668962382 9.756442640151 0.00511580463767953 0 -0.325564112933353 0.0253691067584953
19.699999999997 104.032516481006 -1.02442845342657 9.75613576686502 0.00514722336998021 0 -0.322601318480447 0.0409771381370626
19.739999999997 103.979870459414 -1.4147019167207 9.75630102592016 0.00513048122670237 0 -0.318389636753127 0.0565880766688281
19.799999999997 103.871639048681 -1.99998609233995 9.75589608107319 0.00517215726189194 0 -0.309731123894453 0.0799994436935981
19.8399999999971 103.779971775482 -2.3902338662041 9.75586128375741 0.00517604908421551 0 -0.302397742038593 0.095609354648164
19.8999999999971 103.613206079463 -2.97555197568295 9.75573048053231 0.0051902672073465 0 -0.289056486357003 0.119022079027318
19.9399999999971 103.482522860402 -3.36566382377362 9.75544106187039 0.00522011127232466 0 -0.278601828832179 0.134626552950945
19.9999999999971 103.25723506033 -3.95082519137316 9.75499846483752 0.00526632581815034 0 -0.260578804826364 0.158033007654926
