0.0400000000000063 76.8279993358301 0.201895867350174 0.507315269627019 1.0514590392499 1 0 0
0.0600000000000094 76.8436736641452 0.781552712492584 1.95676650521979 1.19918465738718 1 0 0
0.0800000000000125 76.8710862173466 1.36931778328652 3.42620970857437 1.34897637244053 1 0 0
0.100000000000016 76.9103194797644 1.96051920322525 4.90427418055774 1.49964378656872 1 0 0
0.120000000000019 76.9614229233703 2.55406496476816 6.38819278325222 1.65090737318627 1 0 0
0.140000000000022 77.0244125529425 3.14837797946451 7.87403019975634 1.80236792627167 1 0 0
0.160000000000025 77.0992962176679 3.74307745457998 9.36083097781061 1.95392736274523 1 0 0
0.200000000000031 77.2847659260733 4.93322955951174 12.3362574507494 2.25723344551522 1 0 0
0.220000000000034 77.3953613650519 5.52866759588143 13.8248855423786 2.40898006639778 1 0 0
0.240000000000038 77.5178697225638 6.12431830498909 15.3140442430996 2.56078090682622 1 0 0
0.260000000000041 77.6522953745443 6.72018957570864 16.803722583826 2.71263482135721 1 0 0
0.280000000000044 77.7986425588606 7.31627325289139 18.2939343055525 2.86454313436151 1 0 0
0.32000000000005 78.127118191449 8.50907711965925 21.2759270059835 3.16851976362887 1 0 0
0.340000000000053 78.3092553075403 9.10579190200704 22.7676878055402 3.32058593457559 1 0 0
0.360000000000056 78.5033305741381 9.70271308743327 24.2599751087493 3.47270572036342 1 0 0
0.380000000000059 78.7093481987249 10.2998344202236 25.7527458476438 3.62487470274969 1 0 0
0.420000000000066 79.1572261811234 11.4946797260113 28.7398111879346 3.92936771649517 1 0 0
0.440000000000069 79.3990948498249 12.0924057937648 29.7268327118444 4.02998133764127 1 0 0
0.460000000000072 79.6529216788476 12.690321344018 29.7723375912597 4.03462266269956 1 0 0
0.480000000000075 79.9187106029131 13.2884338128072 29.79817619866 4.03725639448838 1 0 0
0.520000000000081 80.4861909410683 14.4852411268506 29.8281166388849 4.04031174527766 1 0 0
0.560000000000088 81.1015653028153 15.6827872439291 29.849358063954 4.04247722931473 1 0 0
0.600000000000094 81.7648642916465 16.8810793912871 29.8696562733156 4.04454538164828 1 0 0
0.620000000000097 82.1144944119733 17.4805048229426 29.8796097399508 4.04555918125124 1 0 0
0.6400000000001 82.476116763195 18.0800940209245 29.8894468408857 4.04656093121341 1 0 0
0.660000000000103 82.8497345547657 18.6798669231246 29.8991965140998 4.04755361120639 1 0 0
0.700000000000109 83.6329707882833 19.8799597256887 29.9185016528203 4.04951879853609 1 0 0
0.720000000000113 84.04259575787 20.4802526652871 29.9279475236672 4.05048017869132 1 0 0
0.740000000000116 84.4642309023766 21.0807294605399 29.9373577462974 4.05143785741149 1 0 0
0.780000000000122 85.3435418459121 22.2821692822066 29.9558625716034 4.05332089301101 1 0 0
0.800000000000125 85.8012252134504 22.8831518311761 29.9650330996041 4.05425401178376 1 0 0
0.820000000000128 86.2709304288728 23.4842479372438 29.9739560372571 4.055161874046 1 0 0
0.860000000000134 87.2464202386327 24.6869702733362 29.9916648019808 4.05696355868012 1 0 0
0.880000000000138 87.7522119552596 25.2885531762759 30.0003425554672 4.05784638154951 1 0 0
0.920000000000144 88.7999041454168 26.4922286750814 30.0175136758493 4.05959317817451 1 0 0
0.940000000000147 89.3418114958331 27.0943184618215 30.0260660757248 4.0604631695618 1 0 0
0.96000000000015 89.8957621386508 27.6965582058697 30.0344692819112 4.06131793483934 1 0 0
1.00000000000016 91.0398059968138 28.9013033588717 30.0505964960136 4.06295814582756 1 0 0
1.02000000000016 91.6299052771647 29.5039425381347 30.0586276338381 4.06377489540972 1 0 0
1.04000000000016 92.2320605193963 30.106748871983 30.0666668572324 4.06459243839118 1 0 0
1.08000000000017 93.4725503112422 31.312742343977 30.0822918072081 4.06618117271994 1 0 0
1.10000000000017 94.1108880012762 31.9158741889184 30.0898050499565 4.06694497916791 1 0 0
1.12000000000018 94.761293021962 32.5192269630294 30.0974513237866 4.06772229642423 1 0 0
1.16000000000018 96.098310357891 33.7262427822783 30.1121857350064 4.06921989788174 1 0 0
1.18000000000018 96.7849284663098 34.3298773862642 30.1192772536256 4.06994052658062 1 0 0
1.22000000000019 98.1943970691646 35.5376958377632 30.1336226390803 4.07139818267763 1 0 0
1.24000000000019 98.9172512448858 36.1416999531919 30.1404793714222 4.07209473052675 1 0 0
1.2600000000002 99.6521893965546 36.745924837398 30.1473863257935 4.07279635193056 1 0 0
1.3000000000002 101.158327643527 37.9545529224828 30.1604845897873 4.07412650080872 0 -1.89772764612414 0
1.32000000000021 101.929528278648 38.5590700697077 30.1671008786014 4.07479835318226 0 -1.92795350348539 0
1.34000000000021 102.712825017166 39.1638401610086 30.1738011802563 4.07547872435684 0 -1.95819200805043 0
1.36000000000021 103.508214716916 39.7684704730043 30.1797773226728 4.07608528576358 0 -1.98842352365022 0
1.40000000000022 105.087035033503 39.3685484040294 26.1681091696637 3.66714344503913 0 -1.96842742020147 0
1.42000000000022 105.870414322824 39.1679299922441 24.1599652301211 3.46243708238265 0 -1.9583964996122 0
1.44000000000023 106.649788786191 38.9677019327324 22.1523793847281 3.25778762020537 0 -1.94838509663662 0
1.46000000000023 107.425160431187 38.7675748146346 20.1447075298704 3.05312940412984 0 -1.93837874073173 0
1.50000000000023 108.963901757263 38.3675219880617 16.1291166954203 2.64378781492307 0 -1.91837609940309 0
1.52000000000024 109.727274091099 38.1676133355513 14.1209634734869 2.4390805582087 0 -1.90838066677756 0
1.54000000000024 110.486649993923 37.9678233364079 12.1129531195396 2.23438787321063 0 -1.89839116682039 0
1.58000000000025 111.993413099204 37.5681444823482 8.09566740922264 1.82487352771364 0 -1.87840722411741 0
1.62000000000025 113.484198437887 37.1689328368792 4.07809636461135 1.41532991119813 0 -1.85844664184396 0
1.64000000000026 114.223602306913 36.9692176641872 2.06880672848248 1.21050610239963 0 -1.84846088320936 0
1.66000000000026 114.959015539149 36.7696334532514 0.0598855850090301 1.00565945774889 0 -1.83848167266257 0
1.68000000000026 115.690440298175 36.5701530653456 1.95026744726333 0.800813644707599 0 -1.82850765326728 0
1.72000000000027 117.141318498878 36.171303265309 5.96942797974448 0.391107923417929 0 -1.80856516326545 0
1.74000000000027 117.860773511115 35.9717376746711 7.98026567771661 0.186128692605892 0 -1.79858688373355 0
1.76000000000028 118.576242703013 35.7724902173231 9.98995935912779 0.0187710794513442 0 -1.78862451086616 0
1.78000000000028 119.287724992377 35.5731738125442 9.9923043649786 0.0190119301886183 0 -1.77865869062721 0
1.82000000000028 120.698740453459 35.1747965654203 9.98284153983511 0.0180517273139302 0 -1.75873982827102 0
1.84000000000029 121.398273624713 34.9755947816492 9.98027532046 0.0177905781873865 0 -1.74877973908246 0
1.86000000000029 122.093824117095 34.7764633110501 9.97778631270071 0.0175409300849215 0 -1.7388231655525 0
1.88000000000029 122.78538878914 34.5773034726476 9.97568301284698 0.0173296267642925 0 -1.72886517363238 0
1.9000000000003 123.472979229409 34.3784677022363 9.9726430891489 0.017022555018764 0 -1.71892338511181 0
1.9200000000003 124.156588072539 34.1794613080652 9.97038732520282 0.0167953475390978 0 -1.70897306540326 0
1.9400000000003 124.836218460347 33.9805692061895 9.96814245069757 0.0165691411917871 0 -1.69902846030947 0
1.98000000000031 126.183548093773 33.5829545951879 9.96298098667033 0.0160446239422325 0 -1.67914772975939 0
2.00000000000031 126.851249502972 33.3840884533911 9.96086179039844 0.0158322963782228 0 -1.66920442266956 0
2.04000000000032 128.174729625694 32.9865992781036 9.95655218531281 0.0153991880752614 0 -1.64932996390518 0
2.06000000000032 128.830512562767 32.7881953929083 9.95360087521257 0.0150986290509027 0 -1.63940976964541 0
2.08000000000033 129.482325491728 32.5894537936688 9.95175405448623 0.0149147415502334 0 -1.62947268968344 0
2.10000000000033 130.130165270646 32.390902324965 9.94923180409237 0.0146575367393681 0 -1.61954511624825 0
2.14000000000033 131.413925378467 31.9937396379233 9.94500025474593 0.0142316729325033 0 -1.59968698189616 0
2.16000000000034 132.049854154349 31.7952757989135 9.94304116352141 0.0140350348455175 0 -1.58976378994567 0
2.18000000000034 132.681811944232 31.5969735570981 9.94050569177321 0.0137796618648519 0 -1.57984867785491 0
2.20000000000034 133.309802867356 31.3985838486308 9.93841302020308 0.0135674630831624 0 -1.56992919243154 0
2.24000000000035 134.553887359099 31.0019090754296 9.93421880327492 0.0131452822610294 0 -1.55009545377148 0
2.26000000000035 135.169982009567 30.8037282004731 9.93184190627376 0.0129033414883869 0 -1.54018641002366 0
2.28000000000036 135.782114120899 30.6054971546295 9.92951992020498 0.0126701139137695 0 -1.53027485773147 0
2.30000000000036 136.390281529166 30.4073603323878 9.92777258897314 0.0124957180625946 0 -1.52036801661939 0
2.32000000000036 136.994489540113 30.2093792184925 9.92520908167278 0.0122355146561043 0 -1.51046896092463 0
2.34000000000037 137.59473284788 30.0111589881216 9.92352909407535 0.0120650640471823 0 -1.50055794940608 0
2.36000000000037 138.191014594398 29.8131846359441 9.92109903759627 0.0118185200095877 0 -1.49065923179721 0
2.40000000000038 139.371703036246 29.4172225069835 9.91716843030543 0.0114274654725368 0 -1.47086112534918 0
2.42000000000038 139.956111895503 29.2194117819008 9.91483654879573 0.0111898695489407 0 -1.46097058909504 0
2.44000000000038 140.536561357207 29.0214554930979 9.91286244826611 0.0109905279951403 0 -1.4510727746549 0
2.46000000000038 141.113053377252 28.8235316721525 9.91166172644887 0.0108661687834888 0 -1.44117658360763 0
2.50000000000039 142.254168857122 28.4280076722767 9.90723964410178 0.010428367275573 0 -1.42140038361384 0
2.52000000000039 142.818796436652 28.2303545839165 9.90474250631694 0.0101729633723315 0 -1.41151772919583 0
2.5400000000004 143.379469924141 28.0326982896952 9.90260549531391 0.00995473351427445 0 -1.40163491448476 0
2.5600000000004 143.936190297245 27.8351010214687 9.90043863945946 0.00973313089727107 0 -1.39175505107343 0
2.60000000000041 145.037775050267 27.4397016632093 9.89720722436293 0.00941144503460439 0 -1.37198508316047 0
2.62000000000041 145.582639430068 27.2421904065327 9.89505972391872 0.00919542628884164 0 -1.36210952032664 0
2.66000000000042 146.660516315955 26.8472732813411 9.8911389043077 0.00880259085620467 0 -1.34236366406706 0
2.70000000000042 147.722600988345 26.4524345651477 9.8873152824847 0.00841175858881239 0 -1.32262172825738 0
2.72000000000043 148.247722204309 26.2549739870667 9.88601388710811 0.00828193475682064 0 -1.31274869935334 0
2.74000000000043 148.7688956114 26.0576359549852 9.88380831110109 0.00806011074905267 0 -1.30288179774926 0
2.76000000000043 149.286123373429 25.8603363130537 9.88212158132203 0.00789259987194211 0 -1.29301681565269 0
2.80000000000044 150.308742939611 25.4659040236928 9.87829650394168 0.0075043916805705 0 -1.27329520118464 0
2.82000000000044 150.814132580301 25.268564316039 9.87711852525687 0.00738192444133883 0 -1.26342821580195 0
2.84000000000044 151.315581881092 25.0714612171023 9.87498561400597 0.00716954697465645 0 -1.25357306085511 0
2.86000000000045 151.813088678522 24.8743319083244 9.8729994759315 0.00697334451387716 0 -1.24371659541622 0
2.88000000000045 152.306650808547 24.6771143544327 9.87157509704178 0.0068269889008367 0 -1.23385571772163 0
2.92000000000046 153.281958169071 24.2831053898467 9.86812236356621 0.00647801615287722 0 -1.21415526949234 0
2.94000000000046 153.763703399687 24.0861290698065 9.86642274029788 0.00631402745356424 0 -1.20430645349033 0
2.96000000000046 154.241506126593 23.8890627141163 9.86509510942881 0.00617704266489874 0 -1.19445313570581 0
2.98000000000047 154.715369491489 23.6921146027817 9.86316599514089 0.00597664086377684 0 -1.18460573013909 0
3.02000000000047 155.651275202516 23.2984617462494 9.85932037729828 0.00559158193817561 0 -1.16492308731247 0
3.04000000000048 156.113330114866 23.1017203770689 9.85722078058204 0.00537849463215365 0 -1.15508601885345 0
3.06000000000048 156.571442523855 22.9047067410861 9.85641489684082 0.00530086886167192 0 -1.14523533705431 0
3.08000000000048 157.025623040157 22.7079760636699 9.85441125298223 0.00510339042171336 0 -1.1353988031835 0
3.10000000000048 157.475867336267 22.5111492807302 9.85321166234066 0.00498189790798346 0 -1.12555746403651 0
3.14000000000049 158.364549639518 22.1179482394067 9.84921714703865 0.0045728131518246 0 -1.10589741197034 0
3.1800000000005 159.23750416399 21.7245788321929 9.84622600109816 0.00427523067642875 0 -1.08622894160965 0
3.2000000000005 159.668074058252 21.5275233398536 9.84594953513221 0.00425275282125856 0 -1.07637616699268 0
3.2200000000005 160.094722462585 21.3312876691969 9.84318939131971 0.00397756167574112 0 -1.06656438345984 0
3.24000000000051 160.517441138043 21.1348697826903 9.84147580539669 0.00379435187170338 0 -1.05674348913452 0
3.26000000000051 160.936217309791 20.9378822656766 9.8411216934 0.00377218070026609 0 -1.04689411328383 0
3.30000000000052 161.761994989472 20.5452092218243 9.83743477001111 0.0033929238097067 0 -1.02726046109122 0
3.32000000000052 162.168981766794 20.3484747320072 9.83657406865997 0.00332368856558256 0 -1.01742373660036 0
3.34000000000052 162.572049217997 20.1523487705965 9.83444746051936 0.00309265765592847 0 -1.00761743852983 0
3.36000000000053 162.971184776397 19.9557594594964 9.83325512649167 0.00298691543074705 0 -0.997787972974819 0
3.40000000000053 163.757679064991 19.5630274561534 9.83055165739653 0.00271301224961808 0 -0.97815137280767 0
3.42000000000053 164.145031512133 19.3668475007639 9.82903207149709 0.00256035996305152 0 -0.968342375038196 0
3.44000000000054 164.528458349756 19.1702090214837 9.82877518000029 0.00255233617756255 0 -0.958510451074186 0
3.46000000000054 164.907959577977 18.974114357746 9.82647726565476 0.0023103591257264 0 -0.9487057178873 0
3.48000000000054 165.283537360607 18.7778604060703 9.82528523168674 0.00218787104273116 0 -0.938893020303514 0
3.52000000000055 166.022916097543 18.3854259667535 9.8222595003942 0.00189303936270145 0 -0.919271298337677 0
3.54000000000055 166.386719215545 18.189245437513 9.82175312248994 0.00186019470996981 0 -0.909462271875648 0
3.58000000000056 167.10256335407 17.7969702703046 9.81901728678456 0.00159593185456993 0 -0.889848513515228 0
3.60000000000056 167.454600254772 17.6008363665917 9.81671287072713 0.00135499411799486 0 -0.880041818329587 0
3.64000000000057 168.146905675414 17.208661743517 9.81551589642265 0.00128585195887178 0 -0.860433087175849 0
3.66000000000057 168.487174194888 17.0126002686176 9.81320033712401 0.00104999289889023 0 -0.850630013430878 0
3.70000000000058 169.155955628026 16.6205432265097 9.81166021286442 0.000923749880451685 0 -0.831027161325483 0
3.74000000000058 169.809064292116 16.2286627104072 9.8092102554239 0.000743587348052448 0 -0.811433135520363 0
3.76000000000059 170.129736597301 16.0327024689131 9.80763729142406 0.0006145608534395 0 -0.801635123445656 0
3.78000000000059 170.446491740062 15.8368387236167 9.80634498309295 0.000571335321701094 0 -0.791841936180835 0
3.80000000000059 170.759329720633 15.6409192478065 9.80526519841051 0.000525805041922165 0 -0.782045962390324 0
3.8400000000006 171.373260685941 15.2492535807137 9.80238308560786 0.000544140954127889 0 -0.762462679035686 0
3.8600000000006 171.674349343404 15.0533515067518 9.80190156181194 0.000565348173199405 0 -0.752667575337591 0
3.90000000000061 172.264777334756 14.6616707078563 9.7999016777239 0.000652489542935549 0 -0.733083535392814 0
3.94000000000062 172.839541004389 14.2702007150113 9.79760589843213 0.000839435728536317 0 -0.713510035750564 0
3.96000000000062 173.121050341288 14.0744901253224 9.79648135740689 0.000936645145370246 0 -0.703724506266121 0
3.98000000000062 173.39864251588 13.878741046964 9.79556694410267 0.00100604094831399 0 -0.6939370523482 0
4.00000000000063 173.672328138957 13.6831040851264 9.7943246606668 0.00113035461103368 0 -0.684155204256322 0
4.04000000000063 174.20794789819 13.2913342796251 9.79331253481798 0.00122442037045752 0 -0.664566713981253 0
4.06000000000063 174.469898928539 13.0964429620592 9.79038659732322 0.00146794568951913 0 -0.654822148102958 0
4.08000000000064 174.727932796348 12.9005805382187 9.79012382669818 0.00149845837102788 0 -0.645029026910937 0
4.10000000000064 174.982051665778 12.7048100009192 9.78932667658141 0.00159556829864392 0 -0.635240500045958 0
4.14000000000065 175.478540289332 12.3135951954198 9.78766211245999 0.00174598382189133 0 -0.61567975977099 0
4.16000000000065 175.720920446096 12.1180282921191 9.78667872521515 0.00184288156044895 0 -0.605901414605957 0
4.18000000000065 175.959391887765 11.9224746797482 9.78590325185237 0.00191406044518082 0 -0.596123733987412 0
4.22000000000066 176.424596058554 11.531418199952 9.78422070619847 0.00207612645838188 0 -0.576570909997599 0
4.24000000000066 176.651337234769 11.3359757419213 9.78318756880058 0.00218180989244804 0 -0.566798787096065 0
4.26000000000067 176.874163412722 11.1404836405527 9.78216266294977 0.0022872318710711 0 -0.557024182027634 0
4.28000000000067 177.09308303881 10.9448543633669 9.78162152518272 0.00234446030999003 0 -0.547242718168346 0
4.32000000000068 177.519191817963 10.5539585651422 9.77996039928879 0.00249785386315431 0 -0.527697928257111 0
4.34000000000068 177.726385298301 10.3586520996769 9.77886428182149 0.00261278126501026 0 -0.517932604983847 0
4.36000000000068 177.92967006343 10.1631573352496 9.77832452256557 0.00266055597312662 0 -0.508157866762478 0
4.38000000000068 178.129048277042 9.96775113270625 9.77746730328844 0.00274689349641489 0 -0.498387556635313 0
4.42000000000069 178.516078558168 9.57698130640912 9.77699976423173 0.00280149397953944 0 -0.478849065320456 0
4.44000000000069 178.703734953422 9.38167522211586 9.77413989517293 0.00307686808477492 0 -0.469083761105793 0
4.4600000000007 178.887480469537 9.18624994295953 9.77547512729586 0.00295347109425981 0 -0.459312497147977 0
4.4800000000007 179.067319434253 8.99090406629199 9.77418353686246 0.00307727138920443 0 -0.449545203314599 0
4.52000000000071 179.415275545325 8.60023987289256 9.7719887340651 0.00329044580900875 0 -0.430011993644628 0
4.54000000000071 179.583392691799 8.40492616664835 9.77166466017849 0.00332586592620916 0 -0.420246308332418 0
4.56000000000071 179.747607406229 8.20962294910451 9.77100540177532 0.00339192572865876 0 -0.410481147455226 0
4.58000000000072 179.907915569143 8.01433393180204 9.77034385330619 0.00345782869689923 0 -0.400716696590102 0
4.62000000000072 180.216807912686 7.62377983772352 9.76908779475231 0.00358363320104886 0 -0.381188991886176 0
4.64000000000073 180.365400540526 7.42851911733045 9.76863334564841 0.00362726898525929 0 -0.371425955866523 0
4.66000000000073 180.51008661685 7.23326865241161 9.7680292048599 0.00368770261884973 0 -0.361663432620581 0
4.68000000000073 180.650863977964 7.03802778828801 9.76705808212772 0.00378442255387165 0 -0.3519013894144 0
4.72000000000074 180.920711612212 6.64757262973205 9.76595655222102 0.00389898639537081 0 -0.332378631486603 0
4.76000000000074 181.174943443039 6.25712411798911 9.76507461532528 0.00398570420985681 0 -0.312856205899455 0
4.80000000000075 181.413561634487 5.86674989096183 9.764028388709 0.00409062444494124 0 -0.293337494548091 0
4.82000000000075 181.527016104432 5.67158186974945 9.76349005459407 0.00414509847615297 0 -0.283579093487472 0
4.84000000000076 181.636564022861 5.47637875612034 9.76323252473474 0.00416910270128458 0 -0.273818937806017 0
4.86000000000076 181.742211672943 5.28123811704724 9.76252095274032 0.00424246551025768 0 -0.264061905852362 0
4.90000000000077 181.941791438032 4.89092359640769 9.761472938429 0.00434880625326552 0 -0.244546179820384 0
4.92000000000077 182.035723553156 4.69577904803232 9.7611433468176 0.00438099398509193 0 -0.234788952401616 0
4.96000000000078 182.211886978592 4.30550260833385 9.76029207352414 0.00446663495374909 0 -0.215275130416693 0
4.98000000000078 182.29411200562 4.11034672906055 9.75995918340981 0.00449975830037745 0 -0.205517336453028 0
5.00000000000078 182.372436764534 3.9152503121352 9.75932792406221 0.00456480088847229 0 -0.19576251560676 0
5.04000000000079 182.517379194265 3.52501847340797 9.75874271687537 0.00462270991327802 0 -0.176250923670398 0
5.06000000000079 182.5839968652 3.32990909294075 9.75838997617847 0.00465818200556028 0 -0.166495454647038 0
5.1000000000008 182.705531402258 2.93970590647929 9.75771290483227 0.00472631807969802 0 -0.146985295323965 0
5.1200000000008 182.760441985098 2.74460966683942 9.75739841113903 0.00475817569177245 0 -0.137230483341971 0
5.16000000000081 182.858562346082 2.35440183394338 9.7567966598659 0.00481870112609557 0 -0.117720091697169 0
5.18000000000081 182.901769960416 2.1593055748625 9.75654881884257 0.00484357352542077 0 -0.107965278743125 0
5.20000000000081 182.941073187161 1.96423393649259 9.75628079786967 0.00487074212850592 0 -0.0982116968246295 0
5.22000000000082 182.976480265148 1.76934066777942 9.75559386127895 0.00493984253950002 0 -0.0884670333889709 0
5.26000000000082 183.035581049509 1.37902761360341 9.75551711586828 0.00494795107332991 0 -0.0689513806801706 0
5.30000000000083 183.079080760945 0.988856337638836 9.75515896673814 0.00498393079523627 0 -0.0494428168819418 0
5.32000000000083 183.094980214257 0.793840680346946 9.75483674512104 0.00501705423921214 0 -0.0396920340173473 0
5.36000000000084 183.115065749618 0.403678557933148 9.75455091339046 0.005045708817355 0 -0.0201839278966574 0
5.38000000000084 183.119258114952 0.208609133048881 9.7543347750154 0.00506782473615843 0 -0.0104304566524441 0
5.40000000000084 183.119550212054 0.013542439403821 9.75426044867529 0.00507518736123556 0 -0.000677121970191053 0
5.42000000000085 183.115942040924 -0.181523993608479 9.75413159543754 0.00508829008247337 0.00907619968042397 0.00907619968042397 0
5.46000000000085 183.097022729926 -0.5716558739731 9.75390316177391 0.00511155606371321 0.037658993379079 0.028582793698655 0
5.48000000000086 183.081707470585 -0.766664174208358 9.75366432174134 0.00513603860533536 0.0759922020894969 0.0383332087104179 0
5.50000000000086 183.062637915486 -0.954481198063846 9.73545848796689 0.00699174411182418 0.123716261992689 0.0477240599031923 0
5.52000000000086 183.03981622844 -1.14222299452567 9.71707238040652 0.00886600180414191 0.180827411718973 0.0571111497262834 0
5.56000000000087 182.98489940213 -1.44078845224341 9.4879664326388 0.0322204928300214 0.252866834331143 0.0720394226121705 0
5.58000000000087 182.95420310949 -1.53588339321072 9.23796313357558 0.0577051318378403 0.329661003991679 0.0767941696605362 0
5.60000000000088 182.922520545311 -1.58521510424855 8.87361333048129 0.0948459169159816 0.408921759204107 0.0792607552124274 0
5.64000000000088 182.857369332225 -1.62538586596011 7.99871474672646 0.18403050699078 0.490191052502112 0.0812692932980056 0
5.66000000000088 182.82630053116 -1.55433075656155 7.3333868314024 0.251852037113506 0.56790759033019 0.0777165378280777 0
5.68000000000089 182.797931968234 -1.41940393262895 6.50838720079635 0.335950021242341 0.638877786961638 0.0709701966314476 0
5.70000000000089 182.772253240692 -1.28472443088694 5.68394317273584 0.419991253688808 0.703114008505985 0.064236221544347 0
5.7400000000009 182.73421742511 -0.820216423307713 3.54717646659175 0.637806847235536 0.74412482967137 0.0410108211653856 0
5.7600000000009 182.724245454068 -0.499696285406841 2.2584335441281 0.76917746170885 0.769109643941712 0.0249848142703421 0
5.80000000000091 182.726689333911 0.246543622586557 0.58255008376058 1.05877377925344 0.756782462812384 -0.0123271811293279 0
5.86000000000092 182.791524203261 1.50598189224687 5.1941108955102 1.52886438648413 0.681483368200041 -0.0752990946123433 0
5.88000000000092 182.830008101068 1.92345402997319 6.7253117063903 1.68495000070951 0.585310666701382 -0.0961727014986593 0
5.90000000000092 182.876834185561 2.3404559816571 8.23735826805849 1.83908308649987 0.468287867618527 -0.117022799082855 0
5.92000000000093 182.932013067184 2.75770995527647 9.74984752592906 1.99326122685629 0.330402369854703 -0.137885497763823 0
5.96000000000093 183.062187489821 3.392933527338 12.0843189857588 2.23122939202636 0.160755693487803 -0.1696466763669 0
5.98000000000093 183.133746230509 3.576724251694 12.7815329097576 2.3023009207081 0 -0.1788362125847 0
6.00000000000094 183.206754498184 3.64917921637843 13.0859994129187 2.33333702301385 0 -0.182458960818921 0
6.04000000000094 183.354360453319 3.65674534764217 13.2053410445087 2.34550187702772 0 -0.182837267382109 0
6.06000000000095 183.423612463637 3.46164118394313 12.5399426138638 2.27767307744193 0 -0.173082059197156 0
6.08000000000095 183.488962040399 3.26641504354379 11.7145597013401 2.19353599541046 0 -0.163320752177189 0
6.10000000000095 183.550405064481 3.07102465328246 10.8893851642982 2.1094201356295 0 -0.153551232664123 0
6.14000000000096 183.661583812675 2.68080944180487 8.75257634310119 1.89160035782399 0 -0.134040472090243 0
6.16000000000096 183.711309134145 2.48543061278683 7.46282837222176 1.76012744382627 0 -0.124271530639341 0
6.18000000000097 183.75714263285 2.29072945796062 6.04295291576456 1.61538972736058 0 -0.114536472898031 0
6.22000000000097 183.837104495266 1.90028052420725 3.11840359848521 1.31727028612729 0 -0.0950140262103624 0
6.24000000000098 183.871232858626 1.70560899601838 1.56553007651534 1.15897511531998 0 -0.0852804498009192 0
6.26000000000098 183.90146095294 1.5103843285744 0.0113105075270523 1.00051301682535 0 -0.0755192164287202 0
6.28000000000098 183.927788777626 1.31521602803753 1.52058743586577 0.844386412972139 0 -0.0657608014018763 0
6.32000000000099 183.968729097047 0.925188095364661 4.58129612211444 0.532387342520921 0 -0.046259404768233 0
6.36000000000099 183.994074415066 0.534991973518544 7.1448452828294 0.271067269373056 0 -0.0267495986759272 0
6.380000000001 184.000894610421 0.340135657622469 8.09146289670644 0.174572092898926 0 -0.0170067828811234 0
6.420000000001 184.002832030295 -0.0503408842296693 9.4299514219242 0.038130867606203 0.00251704421148347 0.00251704421148347 0
6.44000000000101 183.997942971066 -0.245409393068584 9.75537828140532 0.00495826968149695 0.0147875138649127 0.0122704696534292 0
6.46000000000101 183.989159926306 -0.440296266980255 9.75483504015342 0.00501346855889686 0.0368023272139254 0.0220148133490127 0
6.48000000000101 183.976468165405 -0.635671590433688 9.75520800379722 0.00497571591342057 0.0685859067356098 0.0317835795216844 0
6.52000000000102 183.939709777944 -1.01159161942746 9.71878343483353 0.00868855230540205 0.119165487706983 0.0505795809713732 0
6.56000000000103 183.889887688449 -1.31634690996714 9.50443519789035 0.0305387281216798 0.18498283320534 0.0658173454983569 0
6.58000000000103 183.86078854918 -1.45592780376951 9.3666345319722 0.0445857509361918 0.257779223393815 0.0727963901884756 0
6.60000000000103 183.829723358736 -1.55436930324294 9.12486761003331 0.0692308042091631 0.335497688555962 0.0777184651621468 0
6.62000000000103 183.796685834299 -1.6529653766847 8.88310611263426 0.0938753126027617 0.418145957390198 0.0826482688342352 0
6.66000000000104 183.729061637772 -1.68464992395117 7.98757698832059 0.185162911456637 0.502378453587756 0.0842324961975585 0
6.68000000000104 183.696923541371 -1.60786458693607 7.30769301314299 0.254468256546896 0.58277168293456 0.0803932293468037 0
6.70000000000105 183.6676634904 -1.46414788963504 6.46044626600627 0.340833941911163 0.655979077416312 0.0732073944817522 0
6.74000000000105 183.619123734534 -1.10863471000332 4.59685843659638 0.530802348172344 0.711410812916478 0.0554317355001658 0
6.76000000000106 183.602518929052 -0.831167140479423 3.41539001396241 0.651237512483158 0.752969169940449 0.0415583570239711 0
6.78000000000106 183.592650203267 -0.494525875865975 2.08664791654586 0.786685457313847 0.777695463733748 0.0247262937932987 0
6.82000000000107 183.594020419288 0.224212032644445 0.686408428494757 1.0693598697671 0.766484862101525 -0.0112106016322223 0
6.84000000000107 183.606831686338 0.639673358375632 2.21272183758135 1.22494844366758 0.734501194182744 -0.0319836679187816 0
6.88000000000108 183.658628189587 1.51193974783018 5.36904106119336 1.54669355118711 0.658904206791235 -0.0755969873915092 0
6.92000000000108 183.744259513565 2.34028110685817 8.37969445812454 1.85358963333365 0.541890151448326 -0.117014055342909 0
6.96000000000109 183.860775708337 3.08201028476064 10.9959053683702 2.12027740804651 0.387789637210294 -0.154100514238032 0
6.98000000000109 183.929242641549 3.42235493586116 12.1957190143244 2.24258234675063 0.216671890417236 -0.171117746793058 0
7.00000000000109 184.0026130107 3.66753906735275 13.0547834152776 2.33015235427595 0.0332949370495982 -0.183376953367637 0
7.0200000000011 184.080886815325 3.91275683017589 13.9143177143918 2.41777028020115 0 -0.195637841508795 0
7.0600000000011 184.241872232524 4.01391901361418 14.2464347837432 2.45162470234511 0 -0.200695950680709 0
7.08000000000111 184.318819098873 3.84594540136978 13.6345370489186 2.38924957595353 0 -0.192297270068489 0
7.10000000000111 184.391846848186 3.65044341217107 12.7864905557947 2.30280218717697 0 -0.182522170608554 0
7.14000000000112 184.526211947436 3.26046638716674 10.9227644934379 2.11281951345776 0 -0.163023319358337 0
7.16000000000112 184.587538894964 3.06535761337358 9.74132382530252 1.99238702622308 0 -0.153267880668679 0
7.18000000000112 184.644957127981 2.86992148986845 8.4111302817809 1.85679117123143 0 -0.143496074493422 0
7.20000000000113 184.698483540793 2.67521758693439 7.08237419579664 1.72134185456098 0 -0.13376087934672 0
7.24000000000113 184.793814550038 2.28492290440613 4.11313558251205 1.41866686314084 0 -0.114246145220307 0
7.26000000000113 184.835633877199 2.0898125476193 2.53447617187567 1.25774314612082 0 -0.104490627380965 0
7.28000000000114 184.873546653427 1.89468372913107 0.956876601197539 1.0969271803381 0 -0.0947341864565537 0
7.32000000000114 184.937667075894 1.50437880909855 2.08974713197475 0.786364697447246 0 -0.0752189404549277 0
7.34000000000115 184.963885333156 1.30966808603333 3.58049803722718 0.634402184370956 0 -0.0654834043016663 0
7.36000000000115 184.986197039601 1.11448876422148 4.91879467493384 0.497980466415589 0 -0.0557244382110738 0
7.42000000000116 185.029715822428 0.529250688692613 8.45875595723411 0.137127994101086 0 -0.0264625344346307 0
7.44000000000116 185.036418011179 0.33402356363986 9.24805295019248 0.0566696458565766 0 -0.016701178181993 0
7.46000000000117 185.039222095977 0.139177888072567 9.68684339701283 0.0119407260005685 0 -0.00695889440362834 0
7.48000000000117 185.038125913241 -0.0559802881722931 9.7548048413206 0.00501379624961003 0.00279901440861465 0.00279901440861465 0
7.52000000000118 185.02421585063 -0.446112057083283 9.75420073331524 0.00507458100170214 0.0251046172627788 0.0223056028541642 0
7.54000000000118 185.011412581545 -0.641125358130651 9.7539699862114 0.00509947803571693 0.0571608851693114 0.0320562679065326 0
7.56000000000118 184.994759727386 -0.833859497691577 9.74803333906545 0.0057035662322087 0.0988538600538902 0.0416929748845789 0
7.58000000000118 184.97424472135 -1.0268153939753 9.74183276499873 0.00633562942664137 0.150194629752655 0.0513407696987649 0
7.62000000000119 184.923259915668 -1.35011750353561 9.57464069624536 0.0233787225563575 0.217700504929436 0.0675058751767807 0
7.6600000000012 184.863242922467 -1.53793974112669 9.06937125497382 0.0748844871515763 0.29459749198577 0.0768969870563346 0
7.6800000000012 184.831050498993 -1.61061983753736 8.76324945898062 0.106089680984063 0.375128483862638 0.0805309918768678 0
7.7000000000012 184.798491854686 -1.62885654066136 8.32118915635512 0.151151999022496 0.456571310895706 0.081442827033068 0
7.72000000000121 184.765573480981 -1.64684271688078 7.87804433880129 0.196324865872729 0.538913446739746 0.0823421358440392 0
7.76000000000121 184.703719516168 -1.49232037342725 6.51701348744429 0.335064219988675 0.613529465411108 0.0746160186713624 0
7.78000000000122 184.677416588645 -1.31606480532409 5.58790661902832 0.429774472960416 0.679332705677312 0.0658032402662045 0
7.80000000000122 184.655985260964 -1.07263860050264 4.49298522046722 0.541387299722447 0.732964635702444 0.0536319300251321 0
7.82000000000122 184.639419249841 -0.82920649420781 3.39613397594096 0.653196891985356 0.774424960412835 0.0414603247103905 0
7.86000000000123 184.62562116317 -0.16701349115931 0.765475044160926 0.921358433091024 0.7827756349708 0.00835067455796548 0
7.88000000000123 184.630329796229 0.234669572281192 0.726642742728635 1.07345861034311 0.771042156356741 -0.0117334786140596 0
7.94000000000124 184.696894363267 1.54886409219361 5.47498520729539 1.55748981287128 0.69359895174706 -0.0774432046096806 0
7.96000000000124 184.736559222918 1.98213418313291 7.03999555567976 1.71702182366106 0.594492242590415 -0.0991067091566457 0
7.98000000000125 184.784892420517 2.41555742834819 8.60594305087369 1.87664933772498 0.473714371173005 -0.12077787141741 0
8.00000000000125 184.841893748031 2.84923666873992 10.126292683116 2.03162869863169 0.331252537736009 -0.142461833436996 0
8.04000000000126 184.976515043993 3.50959754218688 12.4366105772068 2.26713464791598 0.155772660626665 -0.175479877109344 0
8.06000000000126 185.050556566101 3.70106665011851 13.0975269359193 2.33450609200463 0 -0.185053332505925 0
8.08000000000126 185.126108909957 3.77635468253469 13.4674472175369 2.37221432701237 0 -0.188817734126734 0
8.12000000000127 185.278845464927 3.78360491613654 13.5761298123474 2.38329259866659 0 -0.189180245806827 0
8.14000000000127 185.350630943896 3.58811654508521 12.9762554969327 2.32214310790101 0 -0.179405827254261 0
8.16000000000128 185.418512034696 3.39298622153925 12.2132769604451 2.24436730818638 0 -0.169649311076962 0
8.18000000000128 185.482490692753 3.19796914848709 11.2850955030454 2.14975125136153 0 -0.159898457424354 0
8.22000000000128 185.59873030812 2.80747254275327 9.09170792371599 1.92616398688676 0 -0.140373627137664 0
8.24000000000129 185.650999712641 2.61253256459524 7.84378934213935 1.79895499836129 0 -0.130626628229762 0
8.26000000000129 185.699360401486 2.41705402667071 6.46017876191496 1.65791402899646 0 -0.120852701333536 0
8.28000000000129 185.743822985212 2.22213275519368 4.96866790128855 1.50587404684461 0 -0.111106637759684 0
8.3200000000013 185.821053629741 1.8323191250382 1.81504592770983 1.18440363653517 0 -0.0916159562519098 0
8.3400000000013 185.853806960396 1.63682285609725 0.219910960124191 1.0218002008286 0 -0.0818411428048627 0
8.36000000000131 185.882666305755 1.44193584956936 1.35048701541098 0.861719301138574 0 -0.0720967924784681 0
8.38000000000131 185.907627546112 1.24676726725157 2.92196629511738 0.701527630043075 0 -0.0623383633625785 0
8.42000000000132 185.945830162847 0.856275395113755 5.90840805158174 0.397099207159791 0 -0.0428137697556878 0
8.46000000000132 185.968433868955 0.466612933721365 8.08612514900933 0.175109648788582 0 -0.0233306466860682 0
8.48000000000133 185.973885318963 0.271511003796945 8.76210004940139 0.106202926427376 0 -0.0135755501898473 0
8.52000000000133 185.973078966024 -0.118801561599014 9.7560071112215 0.00488873197468821 0.0059400780799507 0.0059400780799507 0
8.54000000000134 185.966823327006 -0.313678671900021 9.75447891159284 0.00504361808073845 0.0216240116749518 0.0156839335950011 0
8.56000000000134 185.956671538879 -0.508555847348504 9.75384601086927 0.00510762384486921 0.0470518040423769 0.0254277923674252 0
8.58000000000134 185.942619482172 -0.703639028142717 9.75401128890805 0.0050910733273875 0.0822337554495128 0.0351819514071359 0
8.62000000000135 185.903354261303 -1.07155227419089 9.69755288446182 0.0108463231527671 0.135811369159057 0.0535776137095446 0
8.64000000000135 185.878807710018 -1.22837190372908 9.60225210559816 0.0205614661973916 0.197229964345512 0.0614185951864542 0
8.66000000000135 185.85170472716 -1.35623101812183 9.43320342667413 0.0377932967223478 0.265041515251603 0.0678115509060916 0
8.70000000000136 185.790688614827 -1.56857931193508 8.9893941316637 0.0830340117686247 0.343470480848357 0.0784289655967541 0
8.72000000000136 185.758663140121 -1.6024030598506 8.58679626846544 0.1240736569523 0.423590633840887 0.0801201529925301 0
8.76000000000137 185.695877839462 -1.55986810904869 7.50450068414809 0.234399603573036 0.501584039293322 0.0779934054524347 0
8.78000000000137 185.666408795747 -1.47457909961226 6.80335667725546 0.305872060574129 0.575312994273935 0.0737289549806128 0
8.80000000000138 185.639949039556 -1.32405598497382 5.93984150781191 0.393896114788646 0.641515793522626 0.0662027992486912 0
8.82000000000138 185.616511345492 -1.17301078234762 5.07320619210888 0.482238211376282 0.700166332640007 0.0586505391173809 0
8.86000000000139 185.583709105616 -0.683503880485887 2.87528281479361 0.706287562275229 0.734341526664301 0.0341751940242943 0
8.88000000000139 185.576640671468 -0.354488968063407 1.56499110704311 0.839854552245434 0.752065975067472 0.0177244484031704 0
8.90000000000139 185.57711245399 0.0225520084818953 0.134991425967892 0.985624877241633 0.750938374643377 -0.00112760042409477 0
8.92000000000139 185.58512878092 0.399927747176577 1.29683360943862 1.13157957617717 0.730941987284548 -0.0199963873588288 0
8.9600000000014 185.62577759719 1.22513120512284 4.33422770627625 1.44120165877664 0.669685427028406 -0.0612565602561418 0
9.00000000000141 185.69964550389 2.04705054273545 7.35258037491517 1.7488825881322 0.567332899891634 -0.102352527136772 0
9.04000000000141 185.804762122803 2.80344866934431 10.0795613994453 2.02686191383026 0.427160466424419 -0.140172433467215 0
9.06000000000142 185.86791758216 3.15656070626599 11.2819892972238 2.14943333828441 0.269332431111119 -0.1578280353133 0
9.08000000000142 185.936458999873 3.42614090832456 12.2757750827925 2.25073643191874 0.0980253856948913 -0.171307045416228 0
9.10000000000142 186.010388332303 3.6955127767945 13.1602402588755 2.34089572840702 0 -0.184775638839725 0
9.14000000000143 186.164953615749 3.87580813735632 13.6427185004939 2.39007750327741 0 -0.193790406867816 0
9.16000000000143 186.240195161896 3.76100405673654 13.302190583263 2.3553649399713 0 -0.188050202836827 0
9.18000000000144 186.311534276116 3.56584775768408 12.6010773298215 2.28389547337218 0 -0.178292387884204 0
9.20000000000144 186.378966839286 3.37068980038124 11.7368746129188 2.19580120377225 0 -0.168534490019062 0
9.24000000000144 186.502116431599 2.98003604397722 9.84655801426151 2.00310799528094 0 -0.149001802198861 0
9.26000000000145 186.557839744142 2.7850489424454 8.67139238123888 1.88331518707902 0 -0.13925244712227 0
9.28000000000145 186.609662788571 2.5899926185037 7.36121420328036 1.74975965974859 0 -0.129499630925185 0
9.30000000000145 186.657579281717 2.39480736666582 5.93064859354719 1.60393223274965 0 -0.119740368333291 0
9.34000000000146 186.741722075269 2.00502730542907 2.99967944192329 1.30515834874192 0 -0.100251365271453 0
9.36000000000146 186.777935600956 1.80961045107041 1.46120873423806 1.14833142378926 0 -0.0904805225535206 0
9.38000000000147 186.810246902751 1.61472481600431 0.0739833000894182 0.991840726245744 0 -0.0807362408002156 0
9.40000000000147 186.838655772852 1.41942117623594 1.56906471465408 0.839435069443124 0 -0.0709710588117971 0
9.44000000000148 186.883774872869 1.02945446183115 4.4349759515959 0.547293019922859 0 -0.0514727230915575 0
9.46000000000148 186.900482938858 0.834394744967696 5.80540548322875 0.407595812532634 0 -0.0417197372483848 0
9.48000000000148 186.913290736848 0.63927150486127 6.96716404709216 0.289169830923312 0 -0.0319635752430635 0
9.54000000000149 186.928293673322 0.0539422394469824 9.55465523396685 0.0254093710813391 0 -0.00269711197234912 0
9.56000000000149 186.925485668937 -0.141233917890347 9.75558538451114 0.00492710091067624 0.00706169589451733 0.00706169589451733 0
9.5800000000015 186.918792126817 -0.335803042724137 9.75411744920931 0.00507680297117886 0.0238518480307242 0.0167901521362069 0
9.6000000000015 186.90819203353 -0.530950832892486 9.75409204284248 0.00507979932472082 0.0503993896753485 0.0265475416446243 0
9.64000000000151 186.875409509754 -0.915313566776049 9.7383644569095 0.00668275573805699 0.096165068014151 0.0457656783388025 0
9.66000000000151 186.853616478038 -1.09080502328955 9.6896253436034 0.0116511388894232 0.150705319178628 0.0545402511644774 0
9.68000000000151 186.828740091063 -1.24476521338553 9.58688500364891 0.0221242403635367 0.212943579847905 0.0622382606692767 0
9.70000000000152 186.800788796158 -1.39847720482561 9.48320185009228 0.0326934736822087 0.282867440089186 0.0699238602412805 0
9.74000000000152 186.738799847313 -1.58657998262763 8.97900863258331 0.0840895192502377 0.362196439220567 0.0793289991313813 0
9.78000000000153 186.675289256847 -1.57044221698702 7.96290797230154 0.187667768675973 0.440718550069918 0.0785221108493509 0
9.80000000000153 186.644639677601 -1.53359258500655 7.38252479142293 0.246830271188078 0.517398179320245 0.0766796292503273 0
9.82000000000154 186.616019606008 -1.43198027597572 6.64106642442542 0.322412252369962 0.588997193119031 0.0715990137987859 0
9.84000000000154 186.589439652977 -1.33003235645836 5.89870740788778 0.39808602977984 0.655498810941949 0.066501617822918 0
9.88000000000154 186.547504309565 -0.935221584816802 3.93622307496091 0.598135507942037 0.702259890182789 0.0467610792408401 0
9.90000000000155 186.534584719455 -0.647012242909966 2.72749349109057 0.721349562847368 0.734610502328287 0.0323506121454983 0
9.92000000000155 186.528519674321 -0.304350212793807 1.38354336541077 0.858347602718096 0.749828012967978 0.0152175106396903 0
9.94000000000155 186.529302890762 0.0383295175659839 0.0390414494476694 0.995403696859756 0.747911537089679 -0.0019164758782992 0
9.98000000000156 186.554283497855 0.82736804327476 2.90793775075671 1.29580718215395 0.706543134925941 -0.041368402163738 0
10.0000000000016 186.579261849402 1.24778645610215 4.44685328871032 1.452679197128 0.644153812120833 -0.0623893228051074 0
10.0400000000016 186.654361842433 2.08608811605558 7.5035142341693 1.76426513462681 0.539849406318054 -0.104304405802779 0
10.0800000000016 186.759942355799 2.80575297942519 10.1263055911182 2.03162369323387 0.399561757346795 -0.14028764897126 0
10.1000000000016 186.82276147441 3.13990922442063 11.3459762658339 2.15595278975823 0.242566296125763 -0.156995461221032 0
10.1200000000016 186.89054964704 3.38839369668348 12.2582685948295 2.24894871466854 0.0731466112915889 -0.169419684834174 0
10.1600000000016 187.038745281519 3.77060332026636 13.4441353373323 2.36983167191988 0 -0.188530166013318 0
10.1800000000016 187.114268368226 3.77503604018658 13.3637057287488 2.361632692088 0 -0.188751802009329 0
10.2000000000016 187.187091214699 3.64018696364175 12.9344589169559 2.31787641365114 0 -0.182009348182088 0
10.2200000000016 187.25720516569 3.50465361796262 12.3415947642284 2.2574415189967 0 -0.175232680898131 0
10.2600000000016 187.385732470313 3.11458616524126 10.6952808003658 2.08962114154175 0 -0.155729308262063 0
10.2800000000016 187.444141496439 2.91945739074832 9.63670741714477 1.98171337633027 0 -0.145972869537416 0
10.3000000000016 187.498650254216 2.7243679517689 8.42846041210605 1.85854837667748 0 -0.136218397588445 0
10.3200000000016 187.549256579834 2.52921175657318 7.08391482076011 1.72148954709841 0 -0.126460587828659 0
10.3600000000016 187.638764306437 2.13932838783917 4.29941477734306 1.43764625234515 0 -0.106966419391959 0
10.3800000000016 187.67766354396 1.94403146830253 2.7916684239844 1.28395129538001 0 -0.0972015734151263 0
10.4000000000016 187.712662512786 1.74895573961359 1.25293312849472 1.12709743200233 0 -0.0874477869806796 0
10.4200000000016 187.743763377075 1.55393761621977 0.282238744997109 0.970606939413083 0 -0.0776968808109885 0
10.4600000000016 187.794255853398 1.16380323185199 3.26884570101322 0.66616158956758 0 -0.0581901615925993 0
10.4800000000016 187.813653748832 0.968839109787268 4.5922751178164 0.5312553622242 0 -0.0484419554893634 0
10.5000000000016 187.829147256329 0.773666412867001 5.91559756891486 0.396360093090915 0 -0.0386833206433501 0
10.5200000000016 187.840738331666 0.578560719813041 7.02457283891342 0.28331463814501 0 -0.028928035990652 0
10.5600000000017 187.85221339413 0.188375497011606 8.95555998950313 0.0864759845703956 0 -0.00941877485058029 0
10.5800000000017 187.852095217328 -0.00680481850427839 9.45459258595197 0.0356062483598405 0.000340240925213919 0.000340240925213919 0
10.6000000000017 187.848076772294 -0.201785593389459 9.60492181755137 0.0202821664565052 0.0104295205946869 0.010089279669473 0
10.6200000000017 187.840166505892 -0.39659224735361 9.75310508584366 0.00517689232289738 0.0302591329623674 0.0198296123676805 0
10.6400000000017 187.828349687974 -0.591763105965867 9.7533771130412 0.00514931897692178 0.0598472882606607 0.0295881552982934 0
10.6800000000017 187.793201290886 -0.972980935497247 9.7310862215637 0.00742158949578286 0.108496335035523 0.0486490467748624 0
10.7000000000017 187.770356564084 -1.14335319887934 9.6692932849547 0.0137206796984133 0.16566399497949 0.057167659943967 0
10.7200000000017 187.744593512267 -1.28925821284086 9.54616533457925 0.0262720605341134 0.230126905621533 0.0644629106420432 0
10.7400000000017 187.715912135318 -1.43525710827799 9.42345719076035 0.0387806390373036 0.301889761035433 0.0717628554138997 0
10.7800000000017 187.653133962653 -1.5997113738329 8.85934749129401 0.0962843381880737 0.381875329727078 0.0799855686916452 0
10.8000000000017 187.62104328908 -1.60540848278575 8.38590092868051 0.144546069095446 0.462145753866366 0.0802704241392874 0
10.8200000000017 187.590017074021 -1.55226794046288 7.76550425303923 0.20778742098167 0.53975915088951 0.0776133970231442 0
10.8600000000017 187.532478678157 -1.37998693064301 6.35946573909143 0.351114657116518 0.60875849742166 0.0689993465321507 0
10.8800000000017 187.508596997126 -1.195002186374 5.40959355356617 0.447941650711465 0.66850860674036 0.0597501093186999 0
10.9000000000017 187.48970538436 -0.945722479797524 4.29846252739356 0.561206838054483 0.715794730730236 0.0472861239898762 0
10.9200000000017 187.47579127294 -0.696519341316872 3.18769042287245 0.674435416435907 0.75062069779608 0.0348259670658436 0
10.9600000000017 187.467326657963 -0.0350390227491602 0.558526567893263 0.942443947880994 0.752372648933538 0.00175195113745801 0
11.0000000000017 187.490208206116 0.782730270850351 2.46129954063589 1.25027521413591 0.71323613539102 -0.0391365135425175 0
11.0400000000017 187.547000588034 1.63112974176124 5.5572420611694 1.56586544025502 0.631679648302958 -0.0815564870880621 0
11.1000000000017 187.69402851793 2.84251877714573 9.96468997839317 2.01514601001332 0.489553709445672 -0.142125938857286 0
11.1200000000017 187.757419163245 3.16851397130405 11.1444405195325 2.1354057715047 0.331128010880469 -0.158425698565203 0
11.1400000000017 187.827334293397 3.49465733735445 12.3247962051718 2.25572719743559 0.156395144012747 -0.174732866867723 0
11.1600000000017 187.903765460942 3.82061741962995 13.4040522056979 2.36574283100367 0 -0.191030870981498 0
11.1800000000017 187.984382558498 4.03004628648108 14.0744042880177 2.43407610309565 0 -0.201502314324054 0
11.2000000000018 188.066565697198 4.10825873537306 14.2841782070629 2.45545951503928 0 -0.205412936768653 0
11.2400000000018 188.224399043713 3.84706138420815 13.365064765363 2.36176753396706 0 -0.192353069210407 0
11.2600000000018 188.297450584127 3.65159532178905 12.5789657617843 2.28163488684759 0 -0.182579766089452 0
11.2800000000018 188.366601856658 3.45648220633387 11.6287211124651 2.18476977077994 0 -0.172824110316694 0
11.3000000000018 188.43185069738 3.26132218934461 10.517621776779 2.07150765718119 0 -0.163066109467231 0
11.3400000000018 188.550639335299 2.87104271137999 8.15353152629827 1.83051949152551 0 -0.143552135568999 0
11.3600000000018 188.604174804641 2.67584345114453 6.777216292378 1.69022215545083 0 -0.133792172557227 0
11.3800000000018 188.653816289385 2.48097371676282 5.30401295549237 1.5400483720665 0 -0.124048685838141 0
11.4000000000018 188.699559669825 2.28597067754541 3.75811110302862 1.38246394139144 0 -0.11429853387727 0
11.4400000000018 188.77932873182 1.89569994213622 0.661436227476682 1.06679850811995 0 -0.0947849971068109 0
11.4600000000018 188.813362860703 1.70062424856407 0.889228620161437 0.908728722036689 0 -0.0850312124282034 0
11.5000000000018 188.86972403049 1.31042746426135 3.83021853402447 0.608933430714948 0 -0.0655213732130676 0
11.5200000000018 188.892048907815 1.11536337018148 5.13286669356202 0.476145572877848 0 -0.0557681685090742 0
11.5400000000018 188.910475680721 0.920431074874514 6.43555588691351 0.343353564684732 0 -0.0460215537437257 0
11.5600000000018 188.925004348974 0.725430136119158 7.73795844376998 0.210590781220111 0 -0.0362715068059579 0
11.6200000000018 188.945171642816 0.140073152382229 9.75509049731032 0.00497084543692145 0 -0.00700365761911144 0
11.6400000000018 188.944090791629 -0.0549776170939964 9.75508777639786 0.00497199313428786 0.00274888085469982 0.00274888085469982 0
11.6600000000018 188.939109671977 -0.250037444588585 9.75407214367085 0.00507477026281324 0.0152507530841291 0.0125018722294293 0
11.6800000000018 188.930226120399 -0.445102413006353 9.75395176697623 0.00508703828023108 0.0375058737344467 0.0222551206503177 0
11.7200000000018 188.900804775883 -0.832990038216266 9.74771135168593 0.00572319714960762 0.0791553756452601 0.0416495019108133 0
11.7400000000018 188.880516692065 -1.01542886966382 9.71616915983144 0.00893858352670204 0.129926819128451 0.0507714434831911 0
11.7600000000018 188.856944270548 -1.17956209495178 9.63850406583698 0.0168555878673429 0.18890492387604 0.0589781047475888 0
11.7800000000018 188.830095750163 -1.34348018582995 9.56112495068369 0.0247434650385209 0.256078933167537 0.0671740092914973 0
11.8200000000018 188.76943630795 -1.56135524121544 9.1302566444062 0.0686650177039111 0.334146695228309 0.0780677620607719 0
11.8400000000019 188.737447419553 -1.60043560784509 8.74032904754331 0.108413088338355 0.414168475620564 0.0800217803922543 0
11.8600000000019 188.705782308825 -1.58411787655425 8.21184547138686 0.162285113693553 0.493374369448276 0.0792058938277123 0
11.8800000000019 188.674451586441 -1.56741220793127 7.68243548422471 0.216251574976887 0.571744979844839 0.0783706103965635 0
11.9200000000019 188.617965299054 -1.3397572288205 6.13779164584425 0.373707793960055 0.638732841285864 0.0669878614410251 0
11.9400000000019 188.595436114119 -1.12736862228644 5.11948934814403 0.477510320565761 0.695101272400186 0.056368431114322 0
11.9600000000019 188.578455753624 -0.849993642745716 3.93854952345071 0.597891583128186 0.737600954537472 0.0424996821372858 0
12.0000000000019 188.562256646343 -0.239691696882417 1.43689537360206 0.852902208498878 0.749585539381593 0.0119845848441209 0
12.0200000000019 188.565071734949 0.139778838838424 0.000829362369518044 0.999300700702899 0.742596597439672 -0.00698894194192121 0
12.0400000000019 188.576184614794 0.554712670125568 1.52423594432332 1.1547503351377 0.714860963933393 -0.0277356335062784 0
12.0600000000019 188.595599613385 0.969735452841263 3.04944238074618 1.31022491572457 0.66637419129133 -0.0484867726420632 0
12.1000000000019 188.65982044721 1.81429777460059 6.13600289478044 1.62485874669921 0.575659302561301 -0.0907148887300295 0
12.1400000000019 188.75542339508 2.56741299904203 8.95711486599046 1.91243351010473 0.447288652609199 -0.128370649952102 0
12.1600000000019 188.813923590118 2.92399254688128 10.2588968340784 2.04513278322466 0.301089025265135 -0.146199627344064 0
12.2000000000019 188.947824490024 3.48741793502121 12.4023416925737 2.26362821538784 0.126718128514074 -0.174370896751061 0
12.2200000000019 189.02110884455 3.66303154879583 13.0609772646322 2.33076716925925 0 -0.183151577439791 0
12.2400000000019 189.095478879055 3.71747205147531 13.2947794197297 2.35459996232246 0 -0.185873602573766 0
12.2600000000019 189.170932430192 3.77153624065011 13.3891455703254 2.3642191002207 0 -0.188576812032505 0
12.3000000000019 189.314341759426 3.48664406053391 12.4333045949576 2.26678327920971 0 -0.174332203026695 0
12.3200000000019 189.380185514805 3.29097483158886 11.5768403906766 2.17947785347627 0 -0.164548741579443 0
12.3400000000019 189.442126838025 3.09587173310314 10.5581111203257 2.07563165853969 0 -0.154793586655157 0
12.3600000000019 189.500157282222 2.90068472607884 9.37670612247449 1.95520283482751 0 -0.145034236303942 0
12.4000000000019 189.604526020586 2.51062881747735 6.87581144666378 1.70026931456163 0 -0.125531440873868 0
12.4200000000019 189.650853704312 2.31544376668248 5.4391725222777 1.55382279530754 0 -0.115772188334124 0
12.4400000000019 189.693287402857 2.12066789834965 3.9148981736987 1.39844302351055 0 -0.106033394917483 0
12.4600000000019 189.73181022238 1.92529956424545 2.38892045452704 1.2428896156857 0 -0.0962649782122725 0
12.500000000002 189.797163711744 1.5352679618955 0.697565112464267 0.928263039263439 0 -0.076763398094775 0
12.520000000002 189.823985726456 1.34006550412363 2.17668385898048 0.777486269473583 0 -0.0670032752061815 0
12.540000000002 189.84690747282 1.14506367396021 3.55586334855927 0.636897061723079 0 -0.0572531836980104 0
12.560000000002 189.865933278459 0.950128829843109 4.93464942868936 0.496347987721453 0 -0.0475064414921555 0
12.600000000002 189.892267191201 0.559870663463386 7.3188582911588 0.253309300167894 0 -0.0279935331731693 0
12.620000000002 189.899581581238 0.364791972161115 8.24558911178584 0.158841350935668 0 -0.0182395986080557 0
12.660000000002 189.902513884124 -0.0252572134452151 9.49197377495416 0.0317889528728949 0.00126286067226076 0.00126286067226076 0
12.700000000002 189.889845113736 -0.415381002504489 9.75505278941201 0.00497204072902545 0.0220319107974852 0.0207690501252245 0
12.720000000002 189.877662489889 -0.610377264927763 9.75337035539181 0.00514325992441377 0.0525507740438734 0.0305188632463882 0
12.740000000002 189.861592164496 -0.804524431462298 9.75098051934748 0.00538689398472699 0.0927769956169883 0.0402262215731149 0
12.760000000002 189.841647120309 -0.998439015490192 9.74779946313474 0.00571129602740746 0.142698946391498 0.0499219507745096 0
12.800000000002 189.791643281467 -1.32682324544032 9.59362026212823 0.0214278733478684 0.209040108663514 0.0663411622720162 0
12.820000000002 189.76276329346 -1.44508056199972 9.40130090256058 0.041032312974543 0.2812941367635 0.0722540280999859 0
12.840000000002 189.732346933219 -1.52204800386417 9.10677986360732 0.071055003235288 0.357396536956708 0.0761024001932086 0
12.880000000002 189.668003342813 -1.62058769050977 8.37746772577273 0.145398907598073 0.438425921482197 0.0810293845254883 0
12.900000000002 189.636370060267 -1.58264438605673 7.79477092423221 0.204797256908124 0.517558140785033 0.0791322193028364 0
12.940000000002 189.579185734503 -1.37992873338958 6.31247103489252 0.355898332543955 0.586554577454512 0.0689964366694788 0
12.960000000002 189.554974200553 -1.21147074797726 5.40398895280858 0.448506156251953 0.647128114853375 0.060573537398863 0
12.980000000002 189.535441731801 -0.977456000281165 4.33111785456629 0.557871247717103 0.696000914867433 0.0488728000140583 0
13.000000000002 189.520605222438 -0.742941567903017 3.25702053376812 0.66736132051144 0.733147993262584 0.0371470783951509 0
13.040000000002 189.509419768583 -0.109855578780397 0.699504061337167 0.928066358490245 0.738640772201604 0.00549277893901987 0
13.060000000002 189.51489090221 0.272653441781443 0.744786770247657 1.07529269045084 0.725008100112532 -0.0136326720890722 0
13.080000000002 189.528634486021 0.686254419787332 2.26628201122618 1.23038896902311 0.690695379123165 -0.0343127209893666 0
13.1200000000021 189.581044696621 1.5184252672357 5.3220165928903 1.5418805424151 0.61477411576138 -0.075921263361785 0
13.1400000000021 189.61957812577 1.92560192523841 6.82532614809988 1.6951229555121 0.51849401949946 -0.0962800962619205 0
13.1800000000021 189.719367205631 2.68310961078548 9.64640949009951 1.98269478321067 0.384338538960186 -0.134155480539274 0
13.2200000000021 189.844094267348 3.23504200956661 11.7003167886126 2.19206307227003 0.222586438481855 -0.161752100478331 0
13.2400000000021 189.913533569896 3.47107877126606 12.4828273116735 2.27182945090863 0.0490324999185519 -0.173553938563303 0
13.2600000000021 189.985474293935 3.59582768904716 12.9863627447094 2.32315799328016 0 -0.179791384452358 0
13.2800000000021 190.059895217535 3.71992618623311 13.3512950983369 2.36035778178056 0 -0.185996309311656 0
13.3200000000021 190.205268638558 3.55608176273384 12.5932324388284 2.28308284043519 0 -0.177804088136692 0
13.3400000000021 190.272507119924 3.36089327316525 11.8520653944505 2.20753043303981 0 -0.168044663658262 0
13.3600000000021 190.335834722151 3.16550898925048 10.9424597135367 2.11480794296021 0 -0.158275449462524 0
13.3800000000021 190.395262056496 2.97037875438734 9.86959723748808 2.00544359150263 0 -0.148518937719367 0
13.4200000000021 190.502420247649 2.58022449815998 7.57965816472316 1.77201419966899 0 -0.129011224907999 0
13.4400000000021 190.550140493782 2.3850021921937 6.23715474776795 1.63516355191245 0 -0.119250109609685 0
13.4600000000021 190.593960471684 2.18994714798529 4.79324455343479 1.48797583600994 0 -0.109497357399265 0
13.5000000000021 190.669899623143 1.79987198880229 1.74946453595134 1.17770239327984 0 -0.0899935994401147 0
13.5200000000021 190.702012513299 1.60479937704785 0.215947692141438 1.02138030339854 0 -0.0802399688523927 0
13.5400000000021 190.730225135223 1.40972822980658 1.28967450064846 0.867902187947589 0 -0.0704864114903287 0
13.5600000000021 190.754543772317 1.21484861714758 2.72381268614482 0.721710638245078 0 -0.0607424308573791 0
13.5800000000021 190.77494957461 1.01940412449402 4.15925374566228 0.575386317273269 0 -0.0509702062247008 0
13.6200000000021 190.804072940839 0.629463617451364 6.51393595112454 0.335357467234891 0 -0.0314731808725682 0
13.6600000000021 190.817588950973 0.239337875118821 8.39121450696004 0.143993681927792 0 -0.011966893755941 0
13.7000000000021 190.815503887832 -0.150973929405637 9.65339930934596 0.0153309706198011 0.00754869647028187 0.00754869647028187 0
13.7200000000021 190.808607812505 -0.345846790802753 9.75481137250668 0.00499370969749869 0.0248410360104195 0.0172923395401376 0
13.7400000000021 190.797811468947 -0.540934608726729 9.75455965895162 0.00501880106087947 0.051887766446756 0.0270467304363365 0
13.7600000000022 190.783114856924 -0.735939273448736 9.75361060975542 0.00511571260176192 0.0886847301191928 0.0367969636724368 0
13.8000000000022 190.742678994546 -1.09919407220318 9.68650956396659 0.0119557771047063 0.143644433729352 0.0549597036101588 0
13.8200000000022 190.717676097294 -1.25127654403411 9.57874254359794 0.0229413065934668 0.206208260931057 0.0625638272017056 0
13.8400000000022 190.69024172728 -1.37269722901844 9.3942384830885 0.041749158369835 0.274843122381979 0.0686348614509221 0
13.8600000000022 190.66038845107 -1.4934768542053 9.20854992440104 0.0606777445409804 0.349516965092244 0.0746738427102649 0
13.9000000000022 190.597187923151 -1.59290751249979 8.48193865162614 0.134746380460842 0.429162340717234 0.0796453756249896 0
13.9200000000022 190.566018315498 -1.55935594647208 7.91037819684412 0.193009520801998 0.507130138040838 0.0779677973236041 0
13.9400000000022 190.536763867247 -1.46353067560956 7.18313713684564 0.267142238468189 0.580306671821316 0.0731765337804781 0
13.9600000000022 190.509435189655 -1.36743293434593 6.45569373778208 0.341295569636223 0.648678318538612 0.0683716467172964 0
14.0000000000022 190.465801623533 -0.978554066654851 4.50809591879903 0.539827568268142 0.697606021871355 0.0489277033327426 0
14.0200000000022 190.452017005999 -0.690424099757536 3.29970912599395 0.663006678599695 0.732127226859232 0.0345212049878768 0
14.0400000000022 190.445122885751 -0.345434478816387 1.94957638876061 0.800634889159433 0.749398950800051 0.0172717239408193 0
14.0600000000022 190.445144812344 6.7956172458139E-05 0.598164962239152 0.938393457711382 0.749395552991428 -3.39780862290695E-06 0
14.1000000000022 190.468926618225 0.801196558659825 2.38043666255046 1.2420223816278 0.709335725058437 -0.0400598279329913 0
14.1200000000022 190.493552137748 1.23030799514524 3.94039731899969 1.40103967693791 0.647820325301175 -0.0615153997572619 0
14.1600000000022 190.568591858842 2.0900013865065 7.06486206055635 1.71953730745991 0.54332025597585 -0.104500069325325 0
14.1800000000022 190.618347894866 2.48671270264521 8.52876809957636 1.8687630141988 0.41898462084359 -0.12433563513226 0
14.2200000000022 190.738576274482 3.17759310632886 11.0721846196252 2.12803031323039 0.260104965527147 -0.158879655316443 0
14.2400000000022 190.807317338535 3.43586344135632 12.0214121965901 2.22479129461004 0.0883117934593308 -0.171793172067816 0
14.2600000000022 190.87914608547 3.59040164363242 12.7097068014002 2.29495359315966 0 -0.179520082181621 0
14.3000000000022 191.029425308923 3.7673129962612 13.4005618182621 2.36537664960917 0 -0.18836564981306 0
14.3200000000022 191.102362913196 3.64598569128952 13.0133646380665 2.32590677847117 0 -0.182299284564476 0
14.3400000000022 191.17140024947 3.45080256709126 12.2858436318948 2.25174539900474 0 -0.172540128354563 0
14.3600000000022 191.236524750828 3.25545649655604 11.5572341055993 2.17747307160561 0 -0.162772824827802 0
14.4000000000023 191.355079232133 2.86514799543617 9.60926567252776 1.97890303476214 0 -0.143257399771809 0
14.4200000000023 191.408496645512 2.66986539026617 8.40073428710013 1.8557090449419 0 -0.133493269513308 0
14.4600000000023 191.503636950743 2.27994629402852 5.69970629774207 1.58037460992692 0 -0.113997314701426 0
14.4800000000023 191.54534727626 2.08448846520787 4.24663408224082 1.43225295239413 0 -0.104224423260393 0
14.5000000000023 191.583163616713 1.88959889015239 2.72101628464918 1.27673624052591 0 -0.0944799445076193 0
14.5200000000023 191.617069078027 1.69443032923063 1.16031619691394 1.117643374527 0 -0.0847215164615314 0
14.5600000000023 191.673189806868 1.30420526623992 1.96448001253154 0.799111491601783 0 -0.0652102633119959 0
14.5800000000023 191.695398790995 1.10931989646828 3.4434718530724 0.648347752253182 0 -0.0554659948234139 0
14.6000000000023 191.713703179383 0.914153688777716 4.79424268792166 0.510654433548864 0 -0.0457076844388858 0
14.6200000000023 191.728107299423 0.719187660858807 6.14600343522027 0.372860245643081 0 -0.0359593830429404 0
14.6600000000023 191.745214735041 0.329123767127314 8.15318461937417 0.168254649379804 0 -0.0164561883563657 0
14.6800000000023 191.747916094726 0.134070843643258 9.02667703025791 0.0792136238434511 0 -0.00670354218216289 0
14.7000000000023 191.746717186063 -0.060945212981693 9.57063538779372 0.0237643544076113 0.00304726064908465 0.00304726064908465 0
14.7600000000023 191.719705868163 -0.64621212694253 9.75416137895127 0.00505632185443925 0.0353578669962111 0.0323106063471265 0
14.7800000000023 191.702950285864 -0.838730966569059 9.74797020205659 0.00568752317782103 0.0772944153246641 0.041936548328453 0
14.8000000000023 191.682349445182 -1.03124279894341 9.74096679136072 0.00640145104231404 0.128856555271835 0.0515621399471705 0
14.8200000000023 191.657892735791 -1.22378925421471 9.73412642587414 0.00709895457446955 0.19004601798257 0.0611894627107354 0
14.8600000000023 191.599752428592 -1.51996758839955 9.49977452360538 0.0309881630934497 0.266044397402548 0.0759983794199776 0
14.8800000000023 191.567626424716 -1.60753688361297 9.23005316942754 0.0584827550290538 0.346421241583196 0.0803768441806483 0
14.9000000000023 191.534766022931 -1.64402849710267 8.83405825142348 0.0988493224381045 0.428622666438329 0.0822014248551334 0
14.9200000000023 191.501186161884 -1.68007592108862 8.43625541679936 0.139400190245586 0.51262646249276 0.0840037960544308 0
14.9600000000023 191.436989163863 -1.55884388055719 7.15761261203211 0.269741130368882 0.59056865652062 0.0779421940278596 0
14.9800000000023 191.409087205422 -1.39601441828262 6.26332551757341 0.360901971993816 0.660369377434751 0.0698007209141309 0
15.0000000000023 191.385849373532 -1.16278807989495 5.19234413137494 0.470074447429272 0.718508781429498 0.0581394039947476 0
15.0200000000023 191.367284323787 -0.929225221491919 4.12102190424293 0.579281650908589 0.764970042504094 0.0464612610745959 0
15.0600000000024 191.349230005988 -0.274025784874794 1.50786354909612 0.845658659973576 0.778671331747834 0.0137012892437397 0
15.0800000000024 191.351878310554 0.13154019426625 0.00635138378267297 0.998721548014851 0.772094322034521 -0.00657700971331252 0
15.1000000000024 191.363429725869 0.576438627408166 1.59347003525441 1.16179856791018 0.743272390664113 -0.0288219313704083 0
15.1200000000024 191.383873641258 1.02115311108437 3.19323548320523 1.32487343863899 0.692214735109894 -0.0510576555542187 0
15.1600000000024 191.452046454884 1.92881128134724 6.43756906061442 1.65559013324483 0.595774171042532 -0.0964405640673618 0
15.1800000000024 191.499182808679 2.35576001083425 7.98623800719492 1.81345630638432 0.47798617050082 -0.117788000541712 0
15.2000000000024 191.554009678541 2.74032704728013 9.42893520893352 1.96052003315994 0.340969818136813 -0.137016352364007 0
15.2400000000024 191.685126274009 3.42895112557349 12.0457931983116 2.22727368988462 0.169522261858139 -0.171447556278675 0
15.2800000000024 191.832358299522 3.72510312926302 13.331610713922 2.35834530958291 0 -0.186255156463151 0
15.3000000000024 191.908684185357 3.81537455269327 13.6485183106536 2.39064960500805 0 -0.190768727634664 0
15.3400000000024 192.058163803304 3.70933045062567 13.4061893467727 2.36594688476123 0 -0.185466522531284 0
15.3600000000024 192.128477398073 3.51450449534798 12.6833816244232 2.292265957619 0 -0.175725224767399 0
15.3800000000024 192.194878158043 3.31905420503719 11.787682257246 2.20096102166393 0 -0.16595271025186 0
15.4000000000024 192.257378649898 3.12382977601447 10.7165553096064 2.09177357458336 0 -0.156191488800724 0
15.4400000000024 192.370661934605 2.73338738953431 8.41075587935469 1.85672740930934 0 -0.136669369476716 0
15.4600000000024 192.421451010858 2.5385514357105 7.03145365899927 1.7161256001961 0 -0.126927571785525 0
15.4800000000024 192.468339818763 2.34352330481633 5.52996838057094 1.56306885220405 0 -0.117176165240816 0
15.5000000000024 192.511332686176 2.14870521029933 3.93067706387322 1.40004208168607 0 -0.107435260514966 0
15.5400000000024 192.585602677893 1.75829414609281 0.701820484731722 1.07090251895738 0 -0.0879147073046404 0
15.5600000000024 192.616888457327 1.56337128648767 0.913590187171132 0.90623274973988 0 -0.0781685643243833 0
15.5800000000024 192.64426964079 1.36809356401503 2.46915580032615 0.747663233359936 0 -0.0684046782007513 0
15.6000000000024 192.667750556138 1.17302639612727 3.91824129773772 0.599948027685409 0 -0.0586513198063635 0
15.6400000000024 192.70301158214 0.782978435127291 6.61492141449576 0.32505699859052 0 -0.0391489217563645 0
15.6600000000024 192.714785409509 0.587754458549824 7.61684237223505 0.222924372219436 0 -0.0293877229274912 0
15.6800000000025 192.722658968763 0.39285283996098 8.33061540715074 0.15016460129225 0 -0.019642641998049 0
15.7000000000025 192.726632259553 0.197714758154788 9.04413919413146 0.0774302994143927 0 -0.00988573790773941 0
15.7200000000025 192.726705282228 0.00265153144580665 9.39998405187954 0.0411566473208712 0 -0.000132576572290333 0
15.7600000000025 192.715150522883 -0.387469608571607 9.75492495654397 0.00497545633098737 0.0193734804285803 0.0193734804285803 0
15.8000000000025 192.687988407328 -0.777587858772961 9.75353376607052 0.00511723724310799 0.0582528733672284 0.038879392938648 0
15.8200000000025 192.668553805444 -0.972646323431121 9.75389422068367 0.00508077004536122 0.106885189538784 0.0486323161715561 0
15.8600000000025 192.618955129641 -1.33032575493698 9.67218263412848 0.0134100079344462 0.173401477285633 0.066516287746849 0
15.8800000000025 192.589438610594 -1.47663882609191 9.55039497778313 0.025824730478418 0.247233418590229 0.0738319413045957 0
15.9000000000025 192.557820679387 -1.58189242496748 9.32648373164843 0.0486496382985546 0.326328039838603 0.0790946212483739 0
15.9200000000025 192.524090725463 -1.68742052217662 9.10228413611916 0.0715039482109034 0.410699065947434 0.0843710261088312 0
15.9600000000025 192.45488068799 -1.72523733681656 8.22151118721788 0.161287349176369 0.496960932788262 0.0862618668408281 0
15.9800000000025 192.421963319299 -1.6468917840041 7.537452971624 0.231018147065081 0.579305521988467 0.0823445892002049 0
16.0000000000025 192.392029896495 -1.49755813634893 6.67645091608648 0.31878602955641 0.654183428805914 0.0748779068174464 0
16.0400000000025 192.342581312172 -1.12639261597676 4.77341717165625 0.512775328991489 0.710503059604751 0.0563196307988378 0
16.0600000000025 192.32588506618 -0.835705982946862 3.55864064791427 0.636605795986836 0.752288358752094 0.0417852991473431 0
16.0800000000025 192.316265569418 -0.481768862021696 2.18654374435705 0.77647296640882 0.776376801853179 0.0240884431010848 0
16.1000000000025 192.31373343314 -0.127651851931049 0.813406030167921 0.916446216553829 0.782759394449732 0.00638259259655243 0
16.1400000000025 192.333442111616 0.709758372116696 2.25542831737318 1.22927323413135 0.747271475843897 -0.0354879186058348 0
16.1600000000025 192.356798067456 1.16675197669406 3.88556465432433 1.39544400460452 0.688933877009194 -0.0583375988347029 0
16.1800000000025 192.38940213318 1.62923831442095 5.52942689941036 1.56301392453623 0.607471961288147 -0.0814619157210473 0
16.2000000000025 192.43125863676 2.09188437958132 7.17369130860745 1.73062480707017 0.502877742309081 -0.104594218979066 0
16.2400000000025 192.53997287422 2.90903002872224 10.1513490593677 2.03415729837433 0.357426240872969 -0.145451501436112 0
16.2600000000025 192.60448597814 3.22451430939218 11.38711095198 2.1601266806941 0.19620052540336 -0.161225715469609 0
16.2800000000025 192.67354690528 3.45215489687654 12.321995117604 2.25542553498627 0.0235927805595332 -0.172607744843827 0
16.3400000000026 192.898036489729 3.75585580913787 13.7332962553643 2.39928831480265 0 -0.187792790456894 0
16.3600000000026 192.969668786624 3.58047288561879 13.2642864057736 2.35147872458405 0 -0.179023644280939 0
16.3800000000026 193.037785886205 3.40491890745068 12.6295375530253 2.28677424352652 0 -0.170245945372534 0
16.4000000000026 193.102398399613 3.22975690535762 11.8182984215604 2.20407892097238 0 -0.161487845267881 0
16.4400000000026 193.219920665841 2.83926271032982 9.91414910891969 2.00997566893633 0 -0.141963135516491 0
16.4600000000026 193.27282609127 2.64423568196938 8.69986495497049 1.88619526459082 0 -0.132211784098469 0
16.4800000000026 193.321823009523 2.44892683150704 7.32675001245435 1.74622417149271 0 -0.122446341575352 0
16.5000000000026 193.366921615088 2.25406785298505 5.95431002198972 1.60632189414209 0 -0.112703392649252 0
16.5400000000026 193.445422349148 1.86391175405259 2.88539426235196 1.29348620093745 0 -0.0931955877026297 0
16.5600000000026 193.478813866735 1.66859050613056 1.25460717453734 1.12724887855347 0 -0.0834295253065278 0
16.5800000000026 193.508315726882 1.47390037961301 0.388335650827248 0.959772631290415 0 -0.0736950189806507 0
16.6000000000026 193.533900424838 1.27827903422534 2.0340028092666 0.792018368092249 0 -0.0639139517112668 0
16.6400000000026 193.573381582159 0.888458482976631 5.05141839035494 0.484432584767596 0 -0.0444229241488316 0
16.6600000000026 193.587271758704 0.693456243546621 6.32763467331468 0.354339141837461 0 -0.034672812177331 0
16.6800000000026 193.597261667019 0.498394800433516 7.38438977930399 0.246616895201834 0 -0.0249197400216758 0
16.7000000000026 193.603345023817 0.303332388699644 8.44171194823511 0.138836863106908 0 -0.0151666194349822 0
16.7400000000026 193.603810932371 -0.0867872604652149 9.60659722696131 0.0200922280521568 0.00433936302326075 0.00433936302326075 0
16.7600000000026 193.598193484242 -0.281846923250541 9.65578906316051 0.0150777821147373 0.0184317091857878 0.014092346162527 0
16.7800000000026 193.588675768115 -0.476906050734883 9.70455194219578 0.0101072271712179 0.0422770117225319 0.0238453025367441 0
16.8000000000026 193.575257783406 -0.671964673796424 9.75429350186255 0.00503709378043763 0.0758752454123531 0.0335982336898212 0
16.8400000000026 193.537171701202 -1.04296243367115 9.70555238880346 0.0100053443302564 0.128023367095911 0.0521481216835575 0
16.8600000000026 193.513138592243 -1.20250435556061 9.61683961609635 0.019048484883371 0.188148584873941 0.0601252177780303 0
16.8800000000026 193.486489714007 -1.33363631761557 9.45639739013412 0.0354035632390425 0.25483040075472 0.0666818158807786 0
16.9000000000026 193.457212499809 -1.46502804981171 9.29772926880329 0.0515777712218204 0.328081803245305 0.0732514024905854 0
16.9400000000026 193.394419087679 -1.58907100421675 8.63244639718962 0.119394788732942 0.407535353456142 0.0794535502108374 0
16.9600000000027 193.363040461554 -1.56985349776107 8.09609950121604 0.174068375539402 0.486028028344196 0.0784926748880537 0
16.9800000000027 193.333287006244 -1.4888114729651 7.40676915030369 0.244336612990786 0.560468601992451 0.0744405736482548 0
17.0000000000027 193.305152437999 -1.40775178233285 6.71506650321102 0.314846633390467 0.630856191109093 0.0703875891166426 0
17.0400000000027 193.259077611263 -1.04593617339773 4.83597606624083 0.506395219344725 0.68315299977898 0.0522968086698867 0
17.0600000000027 193.243718917016 -0.769013349780096 3.65616339686264 0.626661577790656 0.721603667267985 0.0384506674890048 0
17.0800000000027 193.235079406528 -0.432858728980918 2.32812319226938 0.762037748508592 0.743246603717031 0.0216429364490459 0
17.1200000000027 193.23887188721 0.283913814592708 0.439114607087898 1.0441210140062 0.729050912987395 -0.0141956907296354 0
17.1400000000027 193.252827683929 0.696888764634494 1.95920089512321 1.19907369221235 0.694206474755671 -0.0348444382317247 0
17.1600000000027 193.275413496536 1.12836008782406 3.52552840267829 1.35874000105005 0.637788470364468 -0.0564180043912032 0
17.1800000000027 193.306633652421 1.55985786306719 5.09192064324316 1.51841288453667 0.559795577211108 -0.0779928931533597 0
17.2200000000027 193.393666946562 2.37002321400408 8.0835218250828 1.82336679733616 0.441294416510904 -0.118501160700204 0
17.2400000000027 193.447948040091 2.7130067412802 9.38993380262199 1.95653805653102 0.305644079446894 -0.13565033706401 0
17.2600000000027 193.507780121989 2.99037765471363 10.4822159181187 2.0678815815404 0.156125196711213 -0.149518882735681 0
17.2800000000027 193.573148253607 3.26739774483438 11.5025960635348 2.1718956380577 0 -0.163369887241719 0
17.3200000000027 193.712248137104 3.50799649504241 12.6512200034568 2.28898222231261 0 -0.17539982475212 0
17.3600000000027 193.846180147375 3.24971144930078 12.048923295203 2.22758560415921 0 -0.162485572465039 0
17.3800000000027 193.907284161425 3.05407251242843 11.3572208844974 2.15707548389886 0 -0.152703625621422 0
17.4200000000027 194.01778273005 2.66385033732112 9.80928219236966 1.99928322626837 0 -0.133192516866056 0
17.4400000000027 194.067185939522 2.46914364228172 8.78771039992242 1.89514731628801 0 -0.123457182114086 0
17.4600000000027 194.112678270089 2.27374548340268 7.60690792757813 1.77477995276864 0 -0.113687274170134 0
17.4800000000027 194.154270332307 2.07866799214507 6.27882761654281 1.63939957179745 0 -0.103933399607254 0
17.5200000000027 194.225747368764 1.68845794528565 3.51137111086079 1.35729370049889 0 -0.0844228972642824 0
17.5400000000027 194.255642953794 1.49387900943464 1.99248675733361 1.20246337132495 0 -0.0746939504717318 0
17.5600000000027 194.281627659686 1.29832311445617 0.424919025844547 1.04267042269299 0 -0.0649161557228084 0
17.5800000000027 194.303712097462 1.10331749492912 1.14134070006371 0.883010985681017 0 -0.0551658747464558 0
17.6200000000028 194.336184495827 0.713056912347881 4.14240517538703 0.577091952949475 0 -0.035652845617394 0
17.6400000000028 194.346568128909 0.518128604952935 5.48718473963312 0.440009398869977 0 -0.0259064302476467 0
17.6800000000028 194.355634590611 0.128065225933724 7.84832075364012 0.199322758161773 0 -0.00640326129668622 0
17.7200000000028 194.349083084846 -0.262111551320999 9.42525960621549 0.0385747816056579 0.0131055775660499 0.0131055775660499 0
17.7400000000028 194.339959093486 -0.457171756119337 9.7550678578933 0.00495520554707335 0.0359641653720168 0.0228585878059668 0
17.7600000000028 194.326934833778 -0.652230007388553 9.754843095116 0.00497811526211332 0.0685756657414444 0.0326115003694277 0
17.7800000000028 194.310010305722 -0.847287337521067 9.7533891026123 0.00512686919555882 0.110940032617498 0.0423643668760533 0
17.8200000000028 194.265503681963 -1.19604884240661 9.64973740886316 0.0156925698078182 0.170742474737828 0.0598024421203306 0
17.8400000000028 194.238859130186 -1.33327793457524 9.50604338362452 0.0303402877015659 0.23740637146659 0.0666638967287618 0
17.8800000000028 194.1794901588 -1.53589826167014 9.03640510443991 0.0782139799135716 0.314201284550097 0.0767949130835071 0
17.9000000000028 194.147766532493 -1.58717755343514 8.67705741343214 0.114844776826756 0.393560162221854 0.079358877671757 0
17.9200000000028 194.116150970571 -1.5819046505714 8.17589589264548 0.165931683096428 0.472655394750424 0.0790952325285701 0
17.9400000000028 194.084645429044 -1.57617952763064 7.67513574517543 0.216977675148461 0.551464371131956 0.0788089763815322 0
17.9800000000028 194.027197900345 -1.36845165080807 6.17941224151464 0.369447106385418 0.61988695367236 0.0684225825404035 0
18.0000000000028 194.003932976048 -1.16429230853325 5.1816723411685 0.471153578049526 0.678101569099022 0.0582146154266624 0
18.0200000000028 193.986077187001 -0.893783056748291 4.01708925214694 0.589867490091324 0.722790721936437 0.0446891528374145 0
18.0400000000028 193.973651755019 -0.622412236126095 2.85134140275152 0.708700112983473 0.753911333742742 0.0311206118063048 0
18.0800000000028 193.969504216104 0.0846129407591292 0.108620488498043 0.988284319684482 0.749680686704785 -0.00423064703795646 0
18.1200000000028 193.998418972129 0.943279834277206 3.01348931957801 1.3065419870897 0.702516694990925 -0.0471639917138603 0
18.1400000000028 194.026153806597 1.3857596941796 4.60733950523007 1.46901385252404 0.633228710281945 -0.0692879847089799 0
18.1600000000028 194.062677404028 1.82521987003071 6.19363562512295 1.63071564968044 0.541967716780409 -0.0912609935015354 0
18.1800000000028 194.107994092279 2.26487570155115 7.780418517399 1.79246704382369 0.428723931702852 -0.113243785077557 0
18.2200000000028 194.221436532564 3.00564461483664 10.5042446184327 2.07012473999768 0.27844170096102 -0.150282230741832 0
18.2400000000029 194.286842778791 3.26931657796113 11.506497283893 2.1722909397293 0.114975872062963 -0.163465828898057 0
18.2600000000029 194.355609802878 3.43719621800354 12.1799098762518 2.24093622330719 0 -0.171859810900177 0
18.2800000000029 194.427739560255 3.60529187105848 12.8529863723392 2.30954724385749 0 -0.180264593552924 0
18.3200000000029 194.571681581205 3.54884413721975 12.8268829922735 2.30688588968755 0 -0.177442206860987 0
18.3400000000029 194.638776663342 3.35374608641025 12.3248250471769 2.2557074993786 0 -0.167687304320513 0
18.3600000000029 194.701958910679 3.15808423208397 11.6599406153996 2.1879311111871 0 -0.157904211604198 0
18.4200000000029 194.868097760249 2.57281120220766 8.66649662095302 1.88278849624558 0 -0.128640560110383 0
18.4400000000029 194.915672651492 2.37772845045477 7.50036265016449 1.76391638759122 0 -0.118886422522738 0
18.4600000000029 194.95934727462 2.1826490496054 6.19123220661016 1.63046768590049 0 -0.10913245248027 0
18.4800000000029 194.9991216294 1.98757331737465 4.7574118287504 1.48430850849519 0 -0.0993786658687327 0
18.5200000000029 195.066963250749 1.59742945344351 1.63538491004131 1.16605887526388 0 -0.0798714726721755 0
18.5400000000029 195.09503051755 1.40236110774913 0.0415190117486348 1.00358473532691 0 -0.0701180553874565 0
18.5600000000029 195.119197516004 1.20729515701296 1.54480127793162 0.841880762412337 0 -0.0603647578506482 0
18.5800000000029 195.139459918952 1.01214885813296 3.1318063621019 0.680106457713875 0 -0.050607442906648 0
18.6200000000029 195.168292574934 0.622236973986617 5.95850845264379 0.391961439944974 0 -0.0311118486993308 0
18.6400000000029 195.176858500578 0.427110611785778 7.1055042644312 0.275040340505498 0 -0.0213555305892889 0
18.6600000000029 195.181513546966 0.231846687501545 8.01336318036518 0.182496111868094 0 -0.0115923343750772 0
18.6800000000029 195.182268325123 0.0369832881879688 8.92076079678896 0.0899989014429232 0 -0.00184916440939844 0
18.7200000000029 195.172081404598 -0.35313091647221 9.75492700413926 0.00496738676829029 0.0176565458236105 0.0176565458236105 0
18.7400000000029 195.161139705684 -0.548116461897436 9.75464573858561 0.00499618144827642 0.0450623689184823 0.0274058230948718 0
18.7600000000029 195.146293411031 -0.743303370979731 9.7534583512315 0.00511681696938997 0.0822275374674689 0.0371651685489866 0
18.7800000000029 195.127546848264 -0.938360131613379 9.75346744006889 0.0051157572110999 0.129145544048138 0.046918006580669 0
18.8200000000029 195.079707365367 -1.27542238863295 9.62057329836458 0.0186626853320386 0.192916663479785 0.0637711194316474 0
18.8400000000029 195.051706408849 -1.40088221336643 9.44651597619569 0.0364056234236405 0.262960774148107 0.0700441106683215 0
18.8600000000029 195.02199972223 -1.48628413237647 9.17232226961348 0.0643561571709436 0.33727498076693 0.0743142066188234 0
18.880000000003 194.990581021993 -1.57192484505515 8.8987347118632 0.0922448973577271 0.415871223019688 0.0785962422527575 0
18.920000000003 194.927030445542 -1.57595863386314 7.93345950748269 0.190642164582328 0.494669154712845 0.0787979316931569 0
18.940000000003 194.897351263906 -1.48514255364189 7.21874843176677 0.26349761277391 0.568926282394939 0.0742571276820947 0
18.960000000003 194.870814775233 -1.32781534361938 6.33776551842278 0.353302269858457 0.635317049575908 0.0663907671809689 0
19.000000000003 194.828534519067 -0.946022448496564 4.40829035409842 0.54998691340419 0.682618172000736 0.0473011224248282 0
19.020000000003 194.815383343259 -0.658544175483357 3.2019421462788 0.672958203113568 0.715545380774904 0.0329272087741678 0
19.040000000003 194.809112053947 -0.314662322016716 1.85442168558529 0.810320135827813 0.73127849687574 0.0157331161008358 0
19.060000000003 194.809718695353 0.0293773605067003 0.506162516090329 0.94775731531092 0.729809628850405 -0.00146886802533501 0
19.100000000003 194.83454930014 0.825830175201276 2.46061684719568 1.25018116321445 0.688518120090341 -0.0412915087600638 0
19.120000000003 194.859594504116 1.25137207686927 4.01126843844887 1.40824951056379 0.625949516246878 -0.0625686038434637 0
19.140000000003 194.893138482119 1.67622170225414 5.56085645752087 1.56620940972535 0.542138431134171 -0.083811085112707 0
19.160000000003 194.935183605878 2.10114035149574 7.11112030920875 1.72423818367824 0.437081413559384 -0.105057017574787 0
19.200000000003 195.04160234856 2.82788340512586 9.86594876473239 2.00505618371644 0.29568724330309 -0.141394170256293 0
19.220000000003 195.103495768155 3.09370400562148 10.9228270779474 2.11279075842882 0.141002043022017 -0.154685200281074 0
19.240000000003 195.168921279255 3.27014098891087 11.6775691036838 2.18972651549302 0 -0.163507049445543 0
19.260000000003 195.237868270953 3.44628444924579 12.3314325732547 2.25637903116053 0 -0.17231422246229 0
19.300000000003 195.376524156891 3.4279414602983 12.5789402927949 2.28160873237167 0 -0.171397073014915 0
19.320000000003 195.441198376007 3.23273679825357 12.0217496961126 2.2248103040499 0 -0.161636839912678 0
19.340000000003 195.501970371115 3.03755581265858 11.3067570245481 2.1519260500011 0 -0.151877790632929 0
19.380000000003 195.611798618454 2.64706050502134 9.54303940583928 1.97213798053702 0 -0.132353025251067 0
19.400000000003 195.66085919796 2.45197506691717 8.49500486919428 1.86530454418431 0 -0.122598753345859 0
19.440000000003 195.747273269109 2.06173548044272 5.94100559435374 1.6049577679121 0 -0.103086774022136 0
19.480000000003 195.818086267565 1.6717808661887 3.14538119954695 1.31998055514908 0 -0.0835890433094349 0
19.500000000003 195.847639222746 1.47668567232354 1.62714981692767 1.16521681603346 0 -0.073834283616177 0
19.5200000000031 195.873291909928 1.28153706849031 0.0754251642802437 1.00703873196354 0 -0.0640768534245154 0
19.5400000000031 195.895044328528 1.08647201660342 1.47436355573831 0.849058377576569 0 -0.0543236008301712 0
19.5800000000031 195.926842078101 0.696348150172966 4.48646850614841 0.542013947092499 0 -0.0348174075086483 0
19.6000000000031 195.93688740884 0.501287891669776 5.81647802188941 0.40643701492698 0 -0.0250643945834888 0
19.6200000000031 195.943032471463 0.30622873984565 6.96867740845668 0.288985492250448 0 -0.0153114369922825 0
19.6400000000031 195.945277265739 0.111170175231891 7.89741625576623 0.194312824604774 0 -0.00555850876159454 0
19.6800000000031 195.938066049363 -0.278946021236592 9.45448283744037 0.0355905371978266 0.0139473010618296 0.0139473010618296 0
19.7000000000031 195.928610038944 -0.474003788569135 9.75485235844497 0.0049720976635429 0.0376474904902864 0.0237001894284568 0
19.7200000000031 195.915253760177 -0.669060854992537 9.75448336214188 0.00500965088853182 0.0711005332399132 0.0334530427496269 0
19.7400000000031 195.897986602504 -0.86424726527909 9.75449691545692 0.00500820753070089 0.114312896503868 0.0432123632639545 0
19.7800000000031 195.852875278331 -1.21040815146786 9.64366085260104 0.0163066255204163 0.174833304077261 0.060520407573393 0
19.8000000000031 195.825998116983 -1.34504369773867 9.49253614260417 0.031711969972549 0.242085488964194 0.0672521848869337 0
19.8200000000031 195.797150785686 -1.44294152271084 9.24957908091492 0.056478259435493 0.314232565099736 0.072147076135542 0
19.8400000000031 195.766360789188 -1.54068470102131 9.0060396596567 0.0813040049648716 0.391266800150802 0.0770342350510653 0
19.8800000000031 195.7031320323 -1.57631376304695 8.12022574439811 0.171601229972165 0.470082488303149 0.0788156881523477 0
19.9000000000031 195.673065822688 -1.50402245516122 7.45175947999268 0.239742634243154 0.54528361106121 0.075201122758061 0
19.9200000000031 195.645754863392 -1.3663937898596 6.61981628449549 0.324548339476714 0.61360330055419 0.06831968949298 0
19.9800000000031 195.585676611401 -0.754599717395706 3.62735878652931 0.629590030711827 0.651333286423976 0.0377299858697853 0
