0.0199999999999818 76.8240414515603 -0.0010143589747571 1.4181520220968E-05 0.999747292703492 1 0 0
0.0399999999999636 76.8281491016969 0.201850234209303 0.507188413058857 1.05144608268465 1 0 0
0.0599999999999454 76.8438262674026 0.781698084772458 1.95689915306042 1.19921644872503 1 0 0
0.0799999999999272 76.8712382049998 1.36924664097377 3.4257556032301 1.3489497226431 1 0 0
0.0999999999999091 76.9104689747328 1.96042961249496 4.90368456880177 1.49960910336511 1 0 0
0.119999999999891 76.9615687485784 2.5539533278879 6.38746074520403 1.65086157251891 1 0 0
0.139999999999873 77.0245542245684 3.14826283719975 7.87322662633202 1.80231616126969 1 0 0
0.159999999999854 77.0994337998563 3.74297584392933 9.35999524509852 1.95387268850651 1 0 0
0.179999999999836 77.1862130592344 4.33796438957987 10.8474901509013 2.10550308770664 1 0 0
0.2199999999998 77.3954886288848 5.52861635747169 13.824061378954 2.40892473916829 1 0 0
0.239999999999782 77.5179939479567 6.1242725511599 15.3132289561734 2.5607253370939 1 0 0
0.279999999999745 77.7987612249563 7.31623428092421 18.2931182737374 2.86448475521703 1 0 0
0.319999999999709 78.1272323362064 8.50904389871334 21.2751641734226 3.16846375496814 1 0 0
0.339999999999691 78.309367371141 9.10576246156035 22.7669642957763 3.32053238999267 1 0 0
0.359999999999673 78.5034405925544 9.70267903201133 24.2592825058275 3.47265378326031 1 0 0
0.379999999999654 78.7094564838335 10.299810092259 25.7520930902036 3.62482531306763 1 0 0
0.419999999999618 79.1573321657488 11.4946741641833 28.7392517472959 3.92932494768899 1 0 0
0.4399999999996 79.3991995705292 12.0923840182758 29.7263765837316 4.02994817888449 1 0 0
0.459999999999582 79.6530252650846 12.6903113983193 29.7716129849456 4.03455760795803 1 0 0
0.479999999999563 79.9188134965952 13.2884260365706 29.7980506813758 4.0372510998366 1 0 0
0.519999999999527 80.4862924672198 14.4852364809047 29.8283240606854 4.04033477102556 1 0 0
0.559999999999491 81.1016659601592 15.6827983113419 29.8496997998264 4.04251094801991 1 0 0
0.599999999999454 81.7649638059083 16.8810804052914 29.8699433485414 4.04457147507616 1 0 0
0.619999999999436 82.1145940264687 17.4805132726507 29.8799327471582 4.04558816496192 1 0 0
0.6599999999994 82.8498334882315 18.6799029449623 29.8996034201077 4.04759001035049 1 0 0
0.699999999999363 83.6330688343151 19.8799793994483 29.9188651227443 4.0495499795302 1 0 0
0.739999999999327 84.4643292822875 21.0807600415907 29.9377850598811 4.05147494079516 1 0 0
0.759999999999309 84.8979767733254 21.681388358327 29.9470817862787 4.05242071606623 1 0 0
0.779999999999291 85.3436403296655 22.282203733604 29.9563099352434 4.05335946129304 1 0 0
0.799999999999272 85.8013231437653 22.883136726841 29.9653420967244 4.05427819643278 1 0 0
0.839999999999236 86.7527598285815 24.0855922615722 29.9833982932413 4.05611470238107 1 0 0
0.859999999999218 87.246520328219 24.6870308806493 29.992193670019 4.05700917617467 1 0 0
0.8799999999992 87.7523125578882 25.2886506044576 30.0009734014339 4.05790202214714 1 0 0
0.919999999999163 88.8000047064852 26.4922841956675 30.0180650754242 4.05963991604317 1 0 0
0.939999999999145 89.3419094132259 27.0942488289698 30.0263076014875 4.06047787246392 1 0 0
0.959999999999127 89.8958596495213 27.6965085928346 30.0347556947061 4.06133675921006 1 0 0
0.999999999999091 91.0399025522638 28.901356587589 30.0512032075434 4.06300869834008 1 0 0
1.01999999999907 91.6300015775487 29.5039824786464 30.0592019154181 4.06382167336727 1 0 0
1.05999999999904 92.8463673015358 30.7095875500122 30.0747723010593 4.06540398429614 1 0 0
1.099999999999 94.1109753956553 31.9157883007973 30.0901137886846 4.06696283153936 1 0 0
1.13999999999896 95.4238476150204 33.1225181028775 30.1050171244325 4.06847686339731 1 0 0
1.15999999999895 96.0983885043534 33.7260574337984 30.1123093053662 4.06921757628297 1 0 0
1.17999999999893 96.7850043880753 34.3297785610506 30.119587933434 4.06995687769571 1 0 0
1.21999999999889 98.1944651143858 35.5374726979592 30.1336457412748 4.07138444518644 1 0 0
1.23999999999887 98.9173147198744 36.141455578603 30.1403509888259 4.07206520430379 1 0 0
1.25999999999885 99.6522480597487 36.7457319798094 30.1474578866303 4.07278688557092 1 0 0
1.27999999999884 100.399265674641 37.3499126435418 30.1538753679283 4.07343818241075 0 -1.86749563217709 0
1.3199999999988 101.929567040992 38.5588506057354 30.1671610524387 4.07478673932804 0 -1.92794253028677 0
1.33999999999878 102.71285290306 39.1632871913596 30.1733538290592 4.07541512004593 0 -1.95816435956798 0
1.35999999999876 103.492183052353 38.9652490817442 28.1725951843139 3.87146104448176 0 -1.94826245408721 0
1.39999999999873 105.038765109028 38.5632154477251 24.1553626949432 3.46195077999262 0 -1.92816077238625 0
1.41999999999871 105.806046685204 38.363161836016 22.1486496028389 3.25738954814672 0 -1.9181580918008 0
1.45999999999867 107.32861897815 37.963356892517 18.1351018973575 2.8482541816611 0 -1.89816784462585 0
1.49999999999864 108.835198572953 37.5636007395825 14.1201933353348 2.43897916343939 0 -1.87818003697913 0
1.51999999999862 109.582497408614 37.3639218410429 12.1126985443371 2.23433698091129 0 -1.86819609205215 0
1.55999999999858 111.065111096133 36.9645442534889 8.09690570594631 1.82496700060047 0 -1.84822721267444 0
1.59999999999854 112.531760671176 36.5653253415929 4.0803524882951 1.4155048227999 0 -1.82826626707964 0
1.63999999999851 113.982448786264 36.1664564401871 0.0870525854622906 1.00601547507068 0 -1.80832282200935 0
1.65999999999849 114.701808565296 35.9669948826017 1.9474585274071 0.801184679762282 0 -1.79834974413009 0
1.67999999999847 115.417183503043 35.7677524240748 3.95555381583658 0.596433359394021 0 -1.78838762120374 0
1.71999999999844 116.835975223919 35.3690655270605 7.97444041717353 0.186734906634887 0 -1.76845327635303 0
1.73999999999842 117.539395148633 35.1699637569869 9.98326757004602 0.0180779282716335 0 -1.75849818784934 0
1.7599999999984 118.238833477604 34.9708084519746 9.98606053518877 0.0183650920741729 0 -1.74854042259873 0
1.77999999999838 118.934284905205 34.7715208489448 9.98057152405523 0.0178104824031683 0 -1.73857604244724 0
1.79999999999836 119.625756796799 34.5726629373511 9.97633995506182 0.0173799284236267 0 -1.72863314686756 0
1.81999999999834 120.31324395095 34.3734907450507 9.97413660020058 0.0171597654921804 0 -1.71867453725254 0
1.85999999999831 121.676287993556 33.9756619299725 9.96919551301552 0.0166581630122491 0 -1.69878309649863 0
1.89999999999827 123.023413017509 33.577856835199 9.96431780833823 0.0161672434059565 0 -1.67889284175995 0
1.91999999999825 123.691016243072 33.3790667335829 9.96209575429425 0.0159436622981202 0 -1.66895333667915 0
1.93999999999824 124.354643177823 33.1803450498885 9.95948363492484 0.0156792068067148 0 -1.65901725249443 0
1.95999999999822 125.014299023431 32.9816948789215 9.9570807511431 0.0154348224622778 0 -1.64908474394608 0
1.9799999999982 125.669975332683 32.7828269006314 9.95548990528679 0.0152769996704081 0 -1.63914134503157 0
1.99999999999818 126.321682716254 32.5843199361663 9.95247050490341 0.0149693159752598 0 -1.62921599680831 0
2.03999999999814 127.61317067116 32.1870183274038 9.94855267077567 0.0145792442019079 0 -1.60935091637019 0
2.05999999999813 128.252963808831 31.9886810554977 9.94574089245761 0.0142885378143171 0 -1.59943405277489 0
2.07999999999811 128.888789102668 31.7902235870731 9.94377863934939 0.0140933607698648 0 -1.58951117935366 0
2.09999999999809 129.520643307129 31.5917813272422 9.94160073248567 0.0138734061490632 0 -1.57958906636211 0
2.11999999999807 130.148535951041 31.3935210158712 9.93881723540292 0.0135899925233308 0 -1.56967605079356 0
2.13999999999805 130.772456527688 31.1951222575921 9.93706024197814 0.0134181707937316 0 -1.55975611287961 0
2.17999999999802 132.008401410305 30.7985327009806 9.93242600393853 0.0129458689907507 0 -1.53992663504903 0
2.199999999998 132.620427880553 30.6002801231757 9.93091292627871 0.0127968533817233 0 -1.53001400615879 0
2.23999999999796 133.832588773337 30.2041058302502 9.92589085868005 0.012288285535957 0 -1.51020529151251 0
2.25999999999794 134.432728501502 30.0059426220094 9.92425350617831 0.0121227984473085 0 -1.50029713110047 0
2.27999999999793 135.028906669118 29.8078103389923 9.92175979850326 0.011869858844003 0 -1.49039051694962 0
2.29999999999791 135.621120134252 29.6098266178521 9.92003014804527 0.0116935573838613 0 -1.48049133089261 0
2.31999999999789 136.209373224759 29.4116280156009 9.9185521507456 0.0115526851728854 0 -1.47058140078004 0
2.35999999999785 137.374010431813 29.0160413363372 9.91408831846995 0.0110965132565241 0 -1.45080206681686 0
2.37999999999784 137.950395734166 28.8182918507708 9.91129204236861 0.0108146534938273 0 -1.44091459253854 0
2.4199999999978 139.091291289544 28.4223555767755 9.90737683513433 0.0104185333827112 0 -1.42111777883878 0
2.43999999999778 139.65580782597 28.2247916174135 9.90552049637736 0.0102296737427871 0 -1.41123958087067 0
2.45999999999776 140.216368106892 28.0269784917264 9.90421047034119 0.0101027649465233 0 -1.40134892458632 0
2.47999999999774 140.772980579524 27.8294689206405 9.90184051381718 0.00986259071539538 0 -1.39147344603203 0
2.49999999999773 141.325634632842 27.6317965693383 9.89991530094792 0.00966519666242274 0 -1.38158982846692 0
2.53999999999769 142.41909421701 27.2366320124631 9.89617877808338 0.00928852224035934 0 -1.36183160062316 0
2.55999999999767 142.959895420354 27.039087670259 9.89417841559282 0.00908940080032347 0 -1.35195438351295 0
2.57999999999765 143.49674567359 26.8415761049588 9.89234460934174 0.00890416983600353 0 -1.34207880524794 0
2.59999999999764 144.029655587743 26.6443511570475 9.88977531542689 0.00864349470619835 0 -1.33221755785237 0
2.6399999999976 145.083619215875 26.2493701836668 9.88679176009225 0.00834311769305146 0 -1.31246850918334 0
2.65999999999758 145.60468039941 26.0520372473548 9.88471592541656 0.00813327297750554 0 -1.30260186236774 0
2.67999999999756 146.121793774306 25.8546714051164 9.88279963254288 0.00793910769460866 0 -1.29273357025582 0
2.71999999999753 147.144187709666 25.4601765933087 9.87858025893525 0.0075085032566636 0 -1.27300882966543 0
2.75999999999749 148.150807513273 25.0660340864098 9.87497046284855 0.00715681898811493 0 -1.25330170432049 0
2.77999999999747 148.648199925898 24.8686138037292 9.87414691375181 0.00706840924903186 0 -1.24343069018646 0
2.81999999999744 149.631152914488 24.474376443174 9.86989913578514 0.00663595610469191 0 -1.2237188221587 0
2.8599999999974 150.598351806751 24.080436100574 9.86630728392437 0.0062776843460635 0 -1.2040218050287 0
2.87999999999738 151.076034845319 23.8832147880072 9.86558652500685 0.00620576979664737 0 -1.19416073940036 0
2.91999999999734 152.019587166142 23.4893793916241 9.86206828799751 0.00585377926912352 0 -1.1744689695812 0
2.93999999999733 152.485459589516 23.2925535439237 9.86014702421732 0.00565775743114891 0 -1.16462767719618 0
2.95999999999731 152.947392651346 23.0956233764741 9.85861136607524 0.00550123250077737 0 -1.1547811688237 0
2.97999999999729 153.405388515675 22.8988884070424 9.85666976992373 0.00530572016511828 0 -1.14494442035212 0
3.01999999999725 154.309580239817 22.5052698116087 9.85390116883676 0.00502795816701772 0 -1.12526349058044 0
3.03999999999724 154.755768630304 22.3084434287629 9.85226703596151 0.00486192975479326 0 -1.11542217143815 0
3.05999999999722 155.19802296476 22.1117792117527 9.85059519522475 0.00469512042800397 0 -1.10558896058764 0
3.0799999999972 155.636349526234 21.915235059799 9.84854077334749 0.00448635138592437 0 -1.09576175298995 0
3.09999999999718 156.070744195371 21.7186755810829 9.84712890768231 0.00434154015918946 0 -1.08593377905415 0
3.13999999999714 156.927723126486 21.3250430664346 9.84477983036919 0.00411841118268506 0 -1.06625215332173 0
3.15999999999713 157.350317791221 21.1286283199183 9.84346375921429 0.00397286633843562 0 -1.05643141599592 0
3.17999999999711 157.76897839969 20.9320473550418 9.84136559415819 0.00376807534140278 0 -1.04660236775209 0
3.19999999999709 158.183715562802 20.7355887645871 9.83925240455811 0.00356042675822654 0 -1.03677943822935 0
3.23999999999705 159.00138555665 20.3424909371747 9.83719479738649 0.00335311952995592 0 -1.01712454685873 0
3.27999999999702 159.803340547602 19.9496743720561 9.83380000536548 0.0030101498505402 0 -0.997483718602805 0
3.299999999997 160.19842432416 19.7532286116718 9.83266965613453 0.00289172718763585 0 -0.987661430583589 0
3.31999999999698 160.589584655128 19.556965649355 9.83098285220274 0.00271879161029859 0 -0.977848282467751 0
3.35999999999694 161.360128489905 19.164312521147 9.82822574827314 0.00245589112498831 0 -0.958215626057351 0
3.37999999999693 161.739505710313 18.9679668507177 9.82725245767862 0.00236149788460962 0 -0.948398342535883 0
3.39999999999691 162.114963604952 18.7719397227958 9.82562865322225 0.00219161215929596 0 -0.938596986139788 0
3.41999999999689 162.486495890538 18.5756674562014 9.82395410881163 0.00202750991349764 0 -0.928783372810069 0
3.45999999999685 163.217785798013 18.182942107924 9.82204109650515 0.00185524889818203 0 -0.909147105396201 0
3.47999999999684 163.577549702954 17.9870665332218 9.82036946226447 0.00168702529137975 0 -0.899353326661092 0
3.49999999999682 163.933383879368 17.7907616659525 9.81973303287366 0.00163689266826573 0 -0.889538083297623 0
3.5199999999968 164.28529244673 17.5945737051179 9.81810987499375 0.00145213342250179 0 -0.879728685255896 0
3.53999999999678 164.633283851901 17.3984185269875 9.81650912087837 0.00130827041945145 0 -0.869920926349377 0
3.55999999999676 164.977358094999 17.202600095869 9.81501815274388 0.00115987215377082 0 -0.860130004793451 0
3.59999999999673 165.653725634213 16.8102308173931 9.81334241663005 0.00101562209236929 0 -0.840511540869657 0
3.61999999999671 165.986033660709 16.61453395151 9.81102303992042 0.00077645430230986 0 -0.830726697575501 0
3.63999999999669 166.314416077919 16.418217180797 9.81063178378399 0.000781179333703555 0 -0.820910859039852 0
3.67999999999665 166.959435917321 16.0263610456656 9.80823057873856 0.000605690484341961 0 -0.801318052283278 0
3.69999999999663 167.276062728604 15.8304325610541 9.80693743119603 0.000554073320401983 0 -0.791521628052703 0
3.71999999999662 167.588772377931 15.6346022491122 9.80585566126569 0.000497558754266022 0 -0.781730112455611 0
3.7399999999966 167.89756486495 15.4386352652829 9.80527253990143 0.000448723984669474 0 -0.771931763264143 0
3.77999999999656 168.50340679998 15.0471788502034 9.80191667542173 0.000483919733473261 0 -0.75235894251017 0
3.81999999999653 169.09356968361 14.6553347659944 9.80077863765882 0.000614694814289504 0 -0.732766738299722 0
3.83999999999651 169.382780687418 14.4596363976224 9.79947711309796 0.000658995412245431 0 -0.722981819881118 0
3.85999999999649 169.668074529269 14.2637002707717 9.79805111139933 0.000777432173497992 0 -0.713185013538587 0
3.87999999999647 169.949453372858 14.0679491770649 9.79773996817321 0.000817499539187175 0 -0.703397458853244 0
3.89999999999645 170.226921337307 13.8723708958142 9.79592311835347 0.000941636548938625 0 -0.693618544790712 0
3.93999999999642 170.770103824325 13.4808675097902 9.79382368307366 0.00114502658932194 0 -0.67404337548951 0
3.9599999999964 171.035826793755 13.2851406344713 9.79359500496414 0.00118850269664281 0 -0.664257031723567 0
3.97999999999638 171.29763888428 13.0894390158179 9.79167778740225 0.0013510763448967 0 -0.654471950790894 0
3.99999999999636 171.555535976426 12.8937906547556 9.7910464071305 0.00141343903776248 0 -0.644689532737778 0
4.03999999999633 172.059587121475 12.5025646818344 9.78907715945939 0.0016064609006139 0 -0.62512823409172 0
4.05999999999631 172.305743337958 12.3069041765892 9.78884576797229 0.00162357612301147 0 -0.615345208829462 0
4.07999999999629 172.547990839463 12.1113458126456 9.78748388024813 0.00176189235892378 0 -0.605567290632281 0
4.09999999999627 172.78632962564 11.9157793196069 9.78657883767145 0.00185031419963633 0 -0.595788965980345 0
4.13999999999623 173.251262202859 11.5244992593973 9.78528572872284 0.00198151227372191 0 -0.576224962969867 0
4.15999999999622 173.477862277068 11.3291630823347 9.78393973335184 0.00211045436745079 0 -0.566458154116733 0
4.1799999999962 173.700553636299 11.1336580421853 9.78374768917891 0.00213587216715557 0 -0.556682902109263 0
4.19999999999618 173.919338444248 10.9381649096466 9.78149981793008 0.00234808400571309 0 -0.546908245482332 0
4.23999999999614 174.345181914628 10.5472210798856 9.78098377407334 0.00240846098445473 0 -0.527361053994281 0
4.25999999999613 174.552234293777 10.351774803564 9.77975893965767 0.00252447158163724 0 -0.517588740178202 0
4.27999999999611 174.755377957714 10.1563389470722 9.77897078054692 0.00260238766825828 0 -0.50781694735361 0
4.29999999999609 174.954615070135 9.96091712906245 9.77857971347554 0.00264630580364202 0 -0.498045856453123 0
4.33999999999605 175.341363149928 9.5701045338439 9.77685253987159 0.00281510336060514 0 -0.478505226692195 0
4.37999999999602 175.71248069685 9.17933976781025 9.77519307304963 0.00297956168097696 0 -0.458966988390512 0
4.399999999996 175.892178561306 8.98397680204388 9.77447953840776 0.00305103091865241 0 -0.449198840102194 0
4.43999999999596 176.239862875198 8.59328223144971 9.77315090606939 0.00318277467816586 0 -0.429664111572485 0
4.45999999999594 176.40784304135 8.39795597410705 9.77231530409496 0.00326857226718234 0 -0.419897798705352 0
4.47999999999593 176.57191665587 8.20264026459459 9.77170858099376 0.00332803025993462 0 -0.41013201322973 0
4.49999999999591 176.732081555529 8.00733310430257 9.77106020861282 0.00339309996076524 0 -0.400366655215129 0
4.53999999999587 177.040695819887 7.61675582537646 9.76930310051335 0.00356808232524905 0 -0.380837791268823 0
4.55999999999585 177.189145184704 7.42151151178194 9.76907348713555 0.00359305659513954 0 -0.371075575589097 0
4.57999999999583 177.333687998238 7.22622216785126 9.76853417966555 0.00364643250580257 0 -0.361311108392563 0
4.59999999999582 177.474328379729 7.03096867837293 9.76793503858856 0.00370671093149625 0 -0.351548433918646 0
4.63999999999578 177.74389577203 6.64048091419824 9.76679477745248 0.00382081222553652 0 -0.332024045709912 0
4.67999999999574 177.997832631227 6.25003935335295 9.76569329123465 0.00393199871630491 0 -0.312501967667647 0
4.69999999999573 178.118950658478 6.05483426675481 9.7651514217439 0.00398630792419308 0 -0.302741713337741 0
4.71999999999571 178.236159970751 5.85956439814407 9.76479184341319 0.00402131526562177 0 -0.292978219907204 0
4.73999999999569 178.349471178488 5.66443665669024 9.76411388951871 0.00409070741851941 0 -0.283221832834512 0
4.77999999999565 178.564375895541 5.27404451691416 9.7631822411377 0.0041839309738804 0 -0.263702225845708 0
4.81999999999562 178.763666973566 4.88354585653242 9.76263734467012 0.00424011433467109 0 -0.244177292826621 0
4.8399999999956 178.857462110464 4.68857681396001 9.76170757540967 0.0043327974966861 0 -0.234428840698001 0
4.87999999999556 179.033336849185 4.29834524979496 9.76068155035192 0.0044372501809347 0 -0.214917262489748 0
4.91999999999553 179.193595785415 3.90800708659785 9.7600249220547 0.00450252533445471 0 -0.195400354329892 0
4.93999999999551 179.267874851241 3.71287916005059 9.75963555979851 0.00454166831493419 0 -0.18564395800253 0
4.97999999999547 179.404725895147 3.32263925435285 9.75890113276798 0.00461578356716914 0 -0.166131962717643 0
4.99999999999545 179.467297873227 3.12752439050936 9.758554543828 0.00465075397394502 0 -0.156376219525468 0
5.01999999999543 179.525969583075 2.93241620934742 9.75804206181023 0.00470327267375209 0 -0.146620810467371 0
5.0599999999954 179.631597467931 2.5422763363364 9.75692533407271 0.0048156609964691 0 -0.12711381681682 0
5.07999999999538 179.678559926455 2.34711464236212 9.75725552169473 0.00478192112596644 0 -0.117355732118106 0
5.09999999999536 179.721622116747 2.15199854339789 9.7570330235154 0.00480414837371763 0 -0.107599927169895 0
5.11999999999534 179.760784038575 1.95695695382031 9.75646236040598 0.00486315149342186 0 -0.0978478476910155 0
5.15999999999531 179.827386064571 1.56650994300243 9.75679598536428 0.00482806015304863 0 -0.0783254971501215 0
5.17999999999529 179.854840898653 1.37175724652008 9.75566183691118 0.00494332082682043 0 -0.0685878623260038 0
5.19999999999527 179.878395464737 1.1765906631265 9.7557859622567 0.00493104442157306 0 -0.0588295331563252 0
5.21999999999525 179.898043479421 0.981485111232445 9.75509548095486 0.00500043265832533 0 -0.0490742555616222 0
5.25999999999522 179.925644987146 0.591411002839365 9.75498008426722 0.00501249711688168 0 -0.0295705501419683 0
5.2799999999952 179.933590033324 0.396224700369132 9.75524497709929 0.00498524610623403 0 -0.0198112350184566 0
5.29999999999518 179.937634811271 0.201167863877828 9.75487529788896 0.00502278270171504 0 -0.0100583931938914 0
5.31999999999516 179.937779320986 0.00609855195892806 9.75471492170735 0.00503910429974789 0 -0.000304927597946403 0
5.35999999999513 179.926365372026 -0.38397978917655 9.75475640399405 0.00503533621376217 0.0191989894588275 0.0191989894588275 0
5.37999999999511 179.914802793995 -0.579238901614403 9.75463897809111 0.00504729056866551 0.0481609345395476 0.0289619450807201 0
5.39999999999509 179.899337783805 -0.774308787474538 9.75452652599673 0.00505876590218673 0.0868763739132746 0.0387154393737269 0
5.41999999999507 179.879972505732 -0.96937597415743 9.75442403199902 0.00506918043143094 0.135345172621146 0.0484687987078715 0
5.45999999999503 179.830935861799 -1.30494208598491 9.61798965544133 0.018977077658723 0.200592276920391 0.0652471042992453 0
5.47999999999502 179.802352332161 -1.43010322314868 9.44298846470763 0.0368167081382845 0.272097438077825 0.0715051611574339 0
5.499999999995 179.772050489322 -1.51600303436237 9.16994826547772 0.0646501918672043 0.347897589795944 0.0758001517181185 0
5.53999999999496 179.707348076627 -1.63517634279303 8.49204384311664 0.133755248611335 0.429656406935595 0.0817588171396516 0
5.55999999999494 179.675148519571 -1.61093985895657 7.94357583605855 0.189665984867707 0.510203399883424 0.0805469929478285 0
5.57999999999493 179.644661350991 -1.52529276685678 7.24258568976953 0.261125275165412 0.586468038226263 0.076264638342839 0
5.59999999999491 179.615888733533 -1.43959568743712 6.54043944998318 0.332702430075954 0.658447822598119 0.071979784371856 0
5.63999999999487 179.568737711525 -1.07142432627292 4.64492200387048 0.525937606936703 0.712019038911765 0.0535712163136459 0
5.65999999999485 179.552894705557 -0.793106041829034 3.4614582819918 0.646589895984664 0.751674341003216 0.0396553020914517 0
5.67999999999483 179.543784203357 -0.456670610199723 2.13271564727087 0.782072225600521 0.774507871513203 0.0228335305099861 0
5.7199999999948 179.546626134659 0.260051508775106 0.638260978324056 1.0641491316482 0.761505296074447 -0.0130025754387553 0
5.73999999999478 179.560087632271 0.671923640001651 2.15359546575699 1.21882670899289 0.727909114074365 -0.0335961820000826 0
5.77999999999474 179.61285870173 1.53371341724595 5.28327671403087 1.53790927975543 0.651223443212067 -0.0766856708622974 0
5.79999999999472 179.651965128724 1.95428960911499 6.82234492478888 1.69480479326929 0.553508962756318 -0.0977144804557497 0
5.81999999999471 179.698938458227 2.3477863663512 8.29373596168229 1.84479842778771 0.436119644438758 -0.11738931831756 0
5.83999999999469 179.753784973407 2.74132520643921 9.72655593171409 1.99085873916276 0.299053384116797 -0.137066260321961 0
5.87999999999465 179.88181084278 3.3259317959852 11.8909249048206 2.21149049027744 0.132756794317537 -0.16629658979926 0
5.89999999999463 179.951506650541 3.48371918222753 12.5001467371576 2.27359320919982 0 -0.174185959111377 0
5.91999999999462 180.022142338334 3.53062877610483 12.8320799059029 2.30742938107148 0 -0.176531438805242 0
5.95999999999458 180.163528806297 3.48988776083587 12.7529199938441 2.29935945339621 0 -0.174494388041794 0
5.99999999999454 180.291456085979 3.09941510954113 11.348364220636 2.15618151858694 0 -0.154970755477056 0
6.01999999999452 180.349564018077 2.9042522250186 10.4818255544825 2.0678476670163 0 -0.14521261125093 0
6.05999999999449 180.454062184319 2.51401946507856 8.26865723236548 1.84223906283885 0 -0.125700973253928 0
6.07999999999447 180.500463028788 2.31898249879566 6.93999418229505 1.70679480755391 0 -0.115949124939783 0
6.09999999999445 180.542961441563 2.12385195401649 5.6106808639855 1.57128229942956 0 -0.106192597700824 0
6.13999999999442 180.61625117925 1.73377032964099 2.65582180724244 1.27003585402971 0 -0.0866885164820495 0
6.1599999999944 180.6470403407 1.53849685242609 1.09138825921746 1.11045787854513 0 -0.0769248426213046 0
6.17999999999438 180.673929233686 1.34339581394349 0.479283638847086 0.950925552046518 0 -0.0671697906971744 0
6.19999999999436 180.696920022485 1.1484576991208 2.01510301195034 0.794063652989995 0 -0.0574228849560399 0
6.23999999999432 180.731188228703 0.758222129358131 4.95778101461483 0.494039472752434 0 -0.0379111064679066 0
6.25999999999431 180.742469765828 0.563148541585534 6.27513303339598 0.35974472610803 0 -0.0281574270792767 0
6.27999999999429 180.749851034721 0.368102862495746 7.39451816588256 0.245633413404632 0 -0.0184051431247873 0
6.29999999999427 180.753332035616 0.173065447325868 8.27657081412168 0.155717268357248 0 -0.00865327236629341 0
6.33999999999423 180.74859539629 -0.217108967681952 9.48601693185686 0.0324270547092704 0.0108554483840976 0.0108554483840976 0
6.35999999999422 180.74036714551 -0.412311168846088 9.75542817969462 0.00496401959040854 0.031471006826402 0.0206155584423044 0
6.3799999999942 180.7282386265 -0.607314689864126 9.75531953279897 0.00497481797790176 0.0618367413196083 0.0303657344932063 0
6.41999999999416 180.692460751743 -0.988539896848479 9.73191113570426 0.00736114166673716 0.111263736162032 0.049426994842424 0
6.43999999999414 180.669319258071 -1.15817368656111 9.66788365472129 0.0138880716025828 0.169172420490088 0.0579086843280557 0
6.47999999999411 180.614328045049 -1.44827439627507 9.41807326627657 0.0393536457623873 0.241586140303841 0.0724137198137534 0
6.49999999999409 180.583278338541 -1.55339755783326 9.1930552103643 0.0622918383694573 0.319256018195505 0.0776698778916632 0
6.53999999999405 180.517698080279 -1.66953141563216 8.50818882092093 0.13210697283033 0.402732588977113 0.0834765707816082 0
6.57999999999402 180.452241540886 -1.60566346013735 7.37259365089783 0.247869346233156 0.48301576198398 0.0802831730068675 0
6.599999999994 180.421417305013 -1.54215619438729 6.72649116199044 0.313733365150035 0.560123571703345 0.0771078097193644 0
6.61999999999398 180.393213325879 -1.41124356764678 5.91133888597427 0.396831467180565 0.630685750085684 0.0705621783823389 0
6.65999999999394 180.345972264418 -1.08395651924752 4.11784284150648 0.579668796201851 0.68488357604806 0.0541978259623761 0
6.67999999999392 180.329485311173 -0.825192778892585 2.983463512143 0.695320600251929 0.726143214992689 0.0412596389446293 0
6.69999999999391 180.319320244715 -0.509178900547298 1.70626942280538 0.825560489262596 0.751602160020054 0.0254589450273649 0
6.71999999999389 180.315481184167 -0.193023928216249 0.431431767995722 0.955836819401882 0.761253356430866 0.00965119641081245 0
6.75999999999385 180.330076837679 0.560656533625973 2.43368917801963 1.24738665893826 0.733220529749568 -0.0280328266812987 0
6.77999999999383 180.349595060106 0.975020480458241 3.95683690064713 1.40268191203984 0.684469505726656 -0.0487510240229121 0
6.79999999999382 180.377570561715 1.39761178879532 5.50071323766969 1.56007338698556 0.61458891628689 -0.0698805894397658 0
6.83999999999378 180.458421492251 2.22025199322159 8.44690200032205 1.86040980665235 0.50357631662581 -0.11101259966108 0
6.85999999999376 180.510063113994 2.58112575705867 9.71196143462402 1.98936877300808 0.374520028772876 -0.129056287852934 0
6.87999999999374 180.567783198087 2.88494210548147 10.833877251871 2.10373500263089 0.230272923498803 -0.144247105274074 0
6.89999999999372 180.631577624939 3.1886582464801 11.855983529714 2.20792641595574 0.0708400111747976 -0.159432912324005 0
6.93999999999369 180.769910016446 3.5119809183327 12.9546344062797 2.31992024872608 0 -0.175599045916635 0
6.95999999999367 180.840011958499 3.50390922334509 12.9334349577534 2.31775900808148 0 -0.175195461167255 0
6.97999999999365 180.907358641969 3.36640788548308 12.4310299348471 2.26654458292132 0 -0.168320394274154 0
6.99999999999363 180.971954186214 3.22870650558441 11.928000598795 2.21526675500505 0 -0.161435325279221 0
7.0399999999936 181.089431904606 2.83828729486103 10.2966970545582 2.04897381310791 0 -0.141914364743052 0
7.07999999999356 181.191295984434 2.44810931854978 8.18410720549805 1.83361789060577 0 -0.122405465927489 0
7.09999999999354 181.236377622234 2.25293234184761 6.90614969274969 1.70334242369006 0 -0.112646617092381 0
7.11999999999352 181.277550544939 2.0576881792355 5.62768943374443 1.57301382055167 0 -0.102884408961775 0
7.13999999999351 181.314831646392 1.86295502887739 4.24075982556906 1.43162447691722 0 -0.0931477514438697 0
7.17999999999347 181.377673987299 1.47252672604495 1.24573982717848 1.1262140626828 0 -0.0736263363022474 0
7.19999999999345 181.403243673733 1.27735105756759 0.306402578305735 0.968778284881532 0 -0.0638675528783793 0
7.21999999999343 181.424908972578 1.08226487520555 1.84539003539517 0.811369670847247 0 -0.0541132437602776 0
7.23999999999342 181.442674003309 0.887270272062153 3.33261618846572 0.659719774091449 0 -0.0443635136031077 0
7.27999999999338 181.466501096729 0.497190888048564 5.96934385512298 0.390914957472033 0 -0.0248595444024282 0
7.29999999999336 181.472563159303 0.302055212797072 7.21644305432718 0.263783940736168 0 -0.0151027606398536 0
7.31999999999334 181.474724953645 0.106986533658315 8.23918186124329 0.15952607075564 0 -0.00534932668291575 0
7.33999999999332 181.472986479639 -0.0880561619917728 9.00001209033369 0.0819676144059073 0.00440280809958864 0.00440280809958864 0
7.37999999999329 181.457793997368 -0.478193317072197 9.61142108620851 0.0196412483082808 0.0283124739531985 0.0239096658536099 0
7.39999999999327 181.444348435849 -0.673264459677839 9.75484545330339 0.00502125562178102 0.0619756969370904 0.0336632229838919 0
7.41999999999325 181.427074510022 -0.864891623733371 9.74617829588623 0.00590434292991711 0.105220278123759 0.0432445811866685 0
7.43999999999323 181.405965936952 -1.05632504516456 9.73644886463545 0.00689622985737826 0.158036530381987 0.0528162522582278 0
7.4799999999932 181.353978070198 -1.37317727653749 9.55313455917353 0.0255831579701239 0.226695394208861 0.0686588638268745 0
7.49999999999318 181.324347522692 -1.48270349994851 9.33900789250671 0.0474110002370226 0.300830569206287 0.0741351749974257 0
7.51999999999316 181.293373327586 -1.54953719826545 9.01798254274988 0.0801362076107592 0.37830742911956 0.0774768599132727 0
7.55999999999312 181.228551571257 -1.62695016171105 8.23613204045969 0.159837842860743 0.459654937205112 0.0813475080855525 0
7.57999999999311 181.197023489629 -1.57752442725915 7.6250570123505 0.222130627736277 0.53853115856807 0.0788762213629575 0
7.61999999999307 181.140702352859 -1.35261784697563 6.08716609406721 0.378904487244083 0.606162050916851 0.0676308923487817 0
7.65999999999303 181.098633821821 -0.931395710495067 4.05905910448315 0.585658712874986 0.652731836441605 0.0465697855247534 0
7.67999999999302 181.084884515032 -0.688309985622382 2.96396303179193 0.697305653709121 0.687147335722724 0.0344154992811191 0
7.699999999993 181.077095204499 -0.390438539852383 1.73186234204321 0.822947176407881 0.706669262715343 0.0195219269926191 0
7.73999999999296 181.080160424113 0.243501977926115 0.831553872819039 1.08392355531065 0.694494163819037 -0.0121750988963058 0
7.75999999999294 181.092329320731 0.607540405323121 2.22814896495141 1.22642727422057 0.664117143552881 -0.0303770202661561 0
7.77999999999292 181.112108921167 0.987910544196581 3.66628495936702 1.37305897774589 0.614721616343052 -0.049395527209829 0
7.79999999999291 181.13949294237 1.36825306192557 5.10471038022669 1.51970139720277 0.546308963246773 -0.0684126530962786 0
7.83999999999287 181.21599918534 2.08459739752094 7.85315215619062 1.79988118020096 0.442079093370727 -0.104229869876047 0
7.87999999999283 181.316654250142 2.64051732724079 10.0350738205367 2.02230414750322 0.310053227008687 -0.132025866362039 0
7.89999999999282 181.374492085539 2.89069940563029 10.9343465633318 2.11397449930263 0.165518256727173 -0.144534970281514 0
7.9199999999928 181.435625441023 3.05578974209214 11.5141629331953 2.17307962672843 0.0127287696225657 -0.152789487104607 0
7.93999999999278 181.500069047092 3.22112107588151 12.0935559980072 2.23214169426061 0 -0.161056053794076 0
7.97999999999274 181.630063899211 3.21866114944859 11.9913185109321 2.22171914754889 0 -0.16093305747243 0
7.99999999999272 181.690762222395 3.03392254427357 11.2487739534808 2.14602549633068 0 -0.151696127213678 0
8.01999999999271 181.747553994297 2.83853517863436 10.4787289121691 2.06752807991508 0 -0.141926758931718 0
8.05999999999267 181.849432407063 2.44828122462444 8.45004117472337 1.86072560782179 0 -0.122414061231222 0
8.07999999999265 181.894514928339 2.25299236174489 7.35412215763269 1.74900735317257 0 -0.112649618087244 0
8.09999999999263 181.935688734055 2.05782953003789 6.12155945563732 1.62335882272936 0 -0.102891476501895 0
8.11999999999261 181.972968555521 1.86299120089323 4.8891256773628 1.4977202156426 0 -0.0931495600446617 0
8.15999999999258 182.035838005017 1.47299117038472 2.16499531108394 1.21998258037945 0 -0.0736495585192358 0
8.17999999999256 182.061410739203 1.27769664215684 0.72748203087839 1.07327603976762 0 -0.063884832107842 0
8.19999999999254 182.083081041346 1.08264383204454 0.716130751958468 0.926638209249217 0 -0.054132191602227 0
8.21999999999252 182.100851075375 0.887513612138861 2.12864890053585 0.782476460423369 0 -0.044375680606943 0
8.25999999999249 182.124694666942 0.497430729425616 4.73230996326442 0.517020099083215 0 -0.0248715364712808 0
8.27999999999247 182.130766060436 0.302362186205698 5.84534482491218 0.403553299026102 0 -0.0151181093102849 0
8.29999999999245 182.13292873872 0.107101976571585 6.95892222479936 0.290033913247776 0 -0.00535509882857923 0
8.31999999999243 182.131193312816 -0.0879002108159312 7.85913976828194 0.198265301440943 0.00439501054079656 0.00439501054079656 0
8.3599999999924 182.11601104564 -0.477984347635342 9.39187542980497 0.0420190120257319 0.0282942279225637 0.0238992173817671 0
8.37999999999238 182.102572651696 -0.67297466563528 9.728995282037 0.00765373478765076 0.0619429612043277 0.033648733281764 0
8.39999999999236 182.085299610277 -0.864626913589092 9.74627938518501 0.00589188666000029 0.105174306883782 0.0432313456794546 0
8.41999999999234 182.064200368361 -1.05583853422753 9.73584001854397 0.0069560736731485 0.157966233595159 0.0527919267113766 0
8.45999999999231 182.012231164961 -1.37263210111249 9.5521891087555 0.0256773252606438 0.226597838650783 0.0686316050556243 0
8.47999999999229 181.982609949191 -1.48196678649978 9.33730386816043 0.0475824743019452 0.300696177975772 0.0740983393249891 0
8.49999999999227 181.951668263529 -1.54810351811341 9.0147393634734 0.0804644998143224 0.378101353881443 0.0774051759056704 0
8.53999999999223 181.886924300808 -1.62478388006356 8.23268400999558 0.160186757498604 0.459340547884621 0.081239194003178 0
8.55999999999221 181.855449950788 -1.57462390271469 7.61895410460931 0.222750330303333 0.538071743020355 0.0787311951357346 0
8.59999999999218 181.799314673292 -1.34776200073443 6.0759615494718 0.380044401394849 0.605459843057077 0.0673881000367217 0
8.63999999999214 181.757506069611 -0.92423905572592 4.04191561284555 0.587403727594651 0.651671795843373 0.046211952786296 0
8.65999999999212 181.743928962271 -0.679916366053263 2.94356810954106 0.699382585585266 0.685667614146036 0.0339958183026631 0
8.69999999999209 181.73471407441 -0.0816121992529872 0.475113688364598 0.951332591992985 0.689748224108686 0.00408060996264936 0
8.71999999999207 181.739842310315 0.255379538025622 0.860746466519342 1.08690941289776 0.676979247207405 -0.0127689769012811 0
8.73999999999205 181.752268086537 0.620363734172514 2.25996530262326 1.22967033603677 0.645961060498779 -0.0310181867086257 0
8.77999999999201 181.799101056298 1.35408159291627 5.06856651991604 1.51601487601728 0.578256980852965 -0.0677040796458137 0
8.799999999992 181.83337072609 1.71233746621857 6.44328139274473 1.65615692314882 0.492640107542037 -0.0856168733109286 0
8.81999999999198 181.874296669033 2.04534750552085 7.75381300814852 1.789753021321 0.390372732265994 -0.102267375276043 0
8.85999999999194 181.975033658207 2.65614543817503 10.0727843264784 2.02614657300337 0.257565460357242 -0.132807271908752 0
8.87999999999192 182.032338973833 2.86420939558344 10.866281176161 2.10703434851967 0.11435499057807 -0.143210469779172 0
8.89999999999191 182.092127022566 2.98839506647978 11.3420928533091 2.15553742474444 0 -0.149419753323989 0
8.91999999999189 182.154397804057 3.11238188092132 11.817517743035 2.20400119028613 0 -0.155619094046066 0
8.95999999999185 182.277539113536 3.02666315279851 11.504067479767 2.17204818464105 0 -0.151333157639925 0
8.97999999999183 182.334191702423 2.83175345564182 10.7332352612081 2.09347060199845 0 -0.141587672782091 0
8.99999999999181 182.386935576331 2.6361922051822 9.96073257971697 2.01472267717397 0 -0.13180961025911 0
9.03999999999178 182.480718192994 2.24595571223838 7.92634290810715 1.80733844756816 0 -0.112297785611919 0
9.05999999999176 182.521759099443 2.05087610322877 6.82785461139646 1.69535811730537 0 -0.102543805161439 0
9.09999999999172 182.592127542361 1.66056873584361 4.35642780884575 1.443413349568 0 -0.0830284367921806 0
9.13999999999169 182.646886466071 1.27050081408991 1.62695372043747 1.16510914454448 0 -0.0635250407044957 0
9.15999999999167 182.668417585548 1.07545447349442 0.232976447692576 1.02232246675684 0 -0.0537727236747209 0
9.19999999999163 182.699770573294 0.685393339765056 2.56763177655764 0.737710144973104 0 -0.0342696669882528 0
9.2399999999916 182.715518369572 0.295231766273176 5.20796298119133 0.468527375226216 0 -0.0147615883136588 0
9.25999999999158 182.717539701844 0.100192813706528 6.38980897738585 0.348047319597325 0 -0.00500964068532639 0
9.29999999999154 182.709885889548 -0.29003344788525 8.19597089965045 0.16392678369045 0.0145016723942625 0.0145016723942625 0
9.33999999999151 182.686616275227 -0.680140301602734 9.52093970800186 0.0288606993495714 0.0485086874743992 0.0340070150801367 0
9.35999999999149 182.669127820176 -0.875304622545812 9.75481329234187 0.00501998953166481 0.0922739186016898 0.0437652311272906 0
9.39999999999145 182.623167605256 -1.24168676152395 9.69459128867105 0.0111591852875526 0.154358256677887 0.0620843380761976 0
9.41999999999143 182.595241823001 -1.39724324758714 9.59569395297881 0.0212405223396852 0.224220419057244 0.0698621623793571 0
9.43999999999141 182.56492483709 -1.51671554506622 9.40657220232868 0.0405195097342062 0.300056196310555 0.075835777253311 0
9.4599999999914 182.532227050397 -1.63599122630851 9.21706264309207 0.0598379074648025 0.381855757625981 0.0817995613154253 0
9.49999999999136 182.463833361981 -1.7165571706165 8.44271195436663 0.138774630222062 0.467683616156806 0.0858278585308248 0
9.53999999999132 182.399575818214 -1.54870461093229 7.04792634534273 0.28095923531764 0.54511884670342 0.0774352305466145 0
9.55999999999131 182.370982731343 -1.43075937011771 6.2654627628513 0.360723984782172 0.616656815209306 0.0715379685058856 0
9.59999999999127 182.325054451008 -1.05531653627725 4.35179314878087 0.555810631994825 0.669422642023168 0.0527658268138623 0
9.61999999999125 182.308995299856 -0.804051110009368 3.23602094214696 0.669562955442815 0.709625197523636 0.0402025555004684 0
9.63999999999123 182.299131123349 -0.494013108026451 1.97358028181115 0.798288547944007 0.734325852924959 0.0247006554013225 0
9.6799999999912 182.298897308414 0.169609878672546 0.664454636686426 1.0668360454365 0.725845358991332 -0.00848049393362729 0
9.69999999999118 182.310038898489 0.556214653431283 2.11696612379241 1.2150884469157 0.698034626319767 -0.0278107326715642 0
9.71999999999116 182.329328723834 0.96332914708141 3.62229838005077 1.36857256655823 0.649868168965697 -0.0481664573540705 0
9.73999999999114 182.356752054533 1.37033936826997 5.12710720586582 1.52198266614935 0.581351200552199 -0.0685169684134983 0
9.77999999999111 182.43518428097 2.14841018919986 8.01802825952041 1.8166861183487 0.473930691092205 -0.107420509459993 0
9.79999999999109 182.484936192166 2.48660171973974 9.32155588967613 1.94956648545036 0.349600605105218 -0.124330085986987 0
9.81999999999107 182.540328444564 2.7685919431143 10.4154279407785 2.0610739111151 0.211171007949503 -0.138429597155715 0
9.83999999999105 182.601361038862 3.05058649203856 11.4190997069554 2.16338629381642 0.0586416833475752 -0.152529324601928 0
9.87999999999101 182.733031249256 3.33675084286804 12.6054225558982 2.28431726324752 0 -0.166837542143402 0
9.899999999991 182.799351309193 3.31506294838722 12.5799069877449 2.28171594587115 0 -0.165753147419361 0
9.91999999999098 182.862738307216 3.16819789491201 12.0868573705936 2.23145523431693 0 -0.158409894745601 0
9.93999999999096 182.923175349366 3.02093730051686 11.4249550471604 2.16398199797543 0 -0.151046865025843 0
9.97999999999092 183.032344302745 2.63043714438872 9.68485193246094 1.98659823428291 0 -0.131521857219436 0
9.99999999999091 183.081074258429 2.43556223870741 8.7280486503769 1.88906245984683 0 -0.12177811193537 0
10.0199999999909 183.125899618492 2.24034178272132 7.61183870594854 1.77527666054487 0 -0.112017089136066 0
10.0599999999909 183.203847371507 1.8501210027503 5.08529399899038 1.51771726499303 0 -0.092506050137515 0
10.0799999999908 183.236965644872 1.65501784063193 3.71454940914301 1.37797416528384 0 -0.0827508920315964 0
10.0999999999908 183.266183650121 1.46004249101058 2.26087827418403 1.22976026482862 0 -0.0730021245505292 0
10.1199999999908 183.291507670656 1.26510114163951 0.757266874075563 1.07632819333914 0 -0.0632550570819752 0
10.1399999999908 183.312925140257 1.06982490688308 0.75320394404828 0.922837664431359 0 -0.0534912453441542 0
10.1799999999907 183.3440508286 0.679500985194323 3.67234574919044 0.625075964264271 0 -0.0339750492597162 0
10.1999999999907 183.35375904676 0.484568014889391 5.00505064463238 0.489210774028711 0 -0.0242284007444695 0
10.2199999999907 183.359569160966 0.289564364311175 6.19748965966837 0.367650525428909 0 -0.0144782182155588 0
10.2399999999907 183.361476843478 0.0943714703533658 7.39043318911848 0.246040630302132 0 -0.00471857351766829 0
10.2799999999907 183.353591404273 -0.295739709101738 9.08110918491161 0.0736941720388272 0.0147869854550869 0.0147869854550869 0
10.3199999999906 183.330104893656 -0.685887344853768 9.63509498598709 0.0172214997477119 0.0490813526977753 0.0342943672426884 0
10.3399999999906 183.312504953123 -0.881064109680082 9.7548854089521 0.00501054683680175 0.0931345581817794 0.0440532054840041 0
10.3799999999906 183.266332169995 -1.24657040758278 9.69240075602444 0.0113801513163108 0.155463078560918 0.062328520379139 0
10.3999999999905 183.238320243661 -1.40164747544213 9.5929061744081 0.0215224976138863 0.225545452333025 0.0700823737721066 0
10.4199999999905 183.20792968024 -1.52036881630133 9.40165854779468 0.0410181559067536 0.301563893148092 0.0760184408150664 0
10.4399999999905 183.175173254567 -1.63866005226156 9.20991180458459 0.0605647399682077 0.383496895761169 0.0819330026130778 0
10.4799999999905 183.106774264597 -1.71596189720763 8.42733464830562 0.1403400381363 0.469294990621551 0.0857980948603817 0
10.4999999999905 183.073523291736 -1.66346316923574 7.80865456340232 0.2034082011915 0.552468149083338 0.083173158461787 0
10.5199999999904 183.042670374154 -1.54348159656008 7.0213574095646 0.283665291418778 0.629642228911342 0.0771740798280042 0
10.5599999999904 182.989591536927 -1.23276741129261 5.26850040388024 0.462354509350738 0.691280599475973 0.0616383705646307 0
10.5799999999904 182.970133830677 -0.974011897599908 4.13380033265218 0.578031134364749 0.739981194355968 0.0487005948799954 0
10.5999999999904 182.957118642633 -0.651605698554178 2.84062028404319 0.709873431120848 0.772561479283677 0.0325802849277089 0
10.6199999999903 182.950569150853 -0.32860352926626 1.54607179192268 0.841885123332407 0.78899165574699 0.016430176463313 0
10.6599999999903 182.96066654555 0.458178289438266 1.39883320029013 1.14184129601367 0.766082741275077 -0.0229089144719133 0
10.6799999999903 182.978657259257 0.898685053421502 2.98717395344456 1.30381866804559 0.721148488604002 -0.0449342526710751 0
10.6999999999903 183.005735910614 1.3530097094788 4.61056038015041 1.46932228368294 0.653498003130062 -0.0676504854739399 0
10.7399999999902 183.086788851186 2.24320334132952 7.81151091361285 1.79563229467859 0.541337836063586 -0.112160167066476 0
10.7599999999902 183.139647799195 2.64183495533037 9.26519010680745 1.94381880718057 0.409246088297068 -0.132091747766518 0
10.7799999999902 183.199368330766 2.98504801442373 10.5798872378674 2.0778369548469 0.259993687575882 -0.149252400721186 0
10.7999999999902 183.265956728254 3.32842026570877 11.8260129441556 2.20486472720947 0.093572674290443 -0.166421013285439 0
10.8399999999901 183.412016578601 3.72147185302545 13.4011903172175 2.36543434970055 0 -0.186073592651272 0
10.8999999999901 183.629437274998 3.50457623346416 12.9209517353488 2.31647939778663 0 -0.175228811673208 0
10.9199999999901 183.695648177993 3.30941003757344 12.1330804839947 2.23616507519286 0 -0.165470501878672 0
10.9399999999901 183.757950366125 3.11405372213521 11.3440795892009 2.15573547596493 0 -0.155702686106761 0
10.95999999999 183.816346003674 2.91891339478113 10.380050820406 2.05746377506944 0 -0.145945669739056 0
10.99999999999 183.921438639052 2.52868496843209 7.95157774106541 1.80990771338489 0 -0.126434248421604 0
11.01999999999 183.96813347342 2.3336079007111 6.65640794389228 1.67787721114263 0 -0.116680395035555 0
11.03999999999 184.010919592925 2.13829856448419 5.23524547632314 1.53300153905349 0 -0.106914928224209 0
11.0599999999899 184.04980328097 1.94323213499558 3.71365795068038 1.37788193003164 0 -0.0971616067497791 0
11.0999999999899 184.11588479171 1.5532424162724 0.50456663162017 1.05044953085434 0 -0.0776621208136199 0
11.1199999999899 184.143067676341 1.35805118097981 1.12442557387661 0.884907860220118 0 -0.0679025590489907 0
11.1399999999899 184.166346173733 1.16287094884574 2.70104140012375 0.7241016814396 0 -0.0581435474422868 0
11.1599999999899 184.185724402894 0.967830192677908 4.18501790801443 0.572806129507601 0 -0.0483915096338954 0
11.1999999999898 184.212769446778 0.577644011240025 6.87683229195717 0.29839439753768 0 -0.0288822005620013 0
11.2199999999898 184.220444708713 0.382736909657339 7.9912769278021 0.184787740291271 0 -0.019136845482867 0
11.2399999999898 184.224221866345 0.187733182722312 8.83421805396407 0.0988589989396367 0 -0.00938665913611558 0
11.2599999999898 184.224098756211 -0.00722730084684997 9.36967444530991 0.044275056492398 0.000361365042342499 0.000361365042342499 0
11.2999999999897 184.212132673827 -0.397552024961442 9.75519033545475 0.00497650591064423 0.0202389662904146 0.0198776012480721 0
11.3199999999897 184.200306596118 -0.592395743909421 9.75438414143613 0.00505875970161484 0.0498587534858857 0.0296197871954711 0
11.3399999999897 184.184580250876 -0.787358641082832 9.7534005921837 0.00515904008042665 0.0892266855400273 0.0393679320541416 0
11.3599999999897 184.164962084615 -0.9820110939377 9.75218094777118 0.00528424793551276 0.138327240236912 0.049100554696885 0
11.3799999999897 184.141769589507 -1.16062372738999 9.71098588966094 0.00948275715309569 0.196358426606412 0.0580311863694995 0
11.4199999999896 184.086790723028 -1.43613843922314 9.42423565194106 0.0387136762929377 0.268165348567569 0.0718069219611572 0
11.4599999999896 184.02548046771 -1.55038787540991 8.73392151905576 0.109083685904956 0.345684742338064 0.0775193937704955 0
11.4799999999896 183.993827862432 -1.58346946286225 8.32988382271036 0.150271196075345 0.424858215481177 0.0791734731431127 0
11.4999999999895 183.962702357909 -1.55738811338928 7.77645417343391 0.206687398282567 0.502727621150641 0.077869405669464 0
11.5199999999895 183.932095506927 -1.53143113613109 7.2235905520617 0.263046466500935 0.579299177957196 0.0765715568065545 0
11.5599999999895 183.87758088368 -1.2862669541331 5.63516305825285 0.424972119510329 0.643612525663851 0.0643133477066549 0
11.5799999999895 183.856265684939 -1.06677529600222 4.59854287892427 0.530649421186995 0.696951290463962 0.053338764800111 0
11.5999999999895 183.840607722872 -0.783988403365925 3.40415924673353 0.652414059469264 0.736150710632258 0.0391994201682962 0
11.6199999999894 183.830611324869 -0.50089041454217 2.20938933582829 0.774231927270671 0.761195231359366 0.0250445207271085 0
11.6599999999894 183.831662414828 0.215515883290536 0.560384473544878 1.05618684263572 0.75041943719484 -0.0107757941645268 0
11.6799999999894 183.844256875105 0.62853892646649 2.07894288659992 1.21121055234274 0.718992490871515 -0.0314269463233245 0
11.6999999999894 183.865513925906 1.06190277295218 3.64964664516295 1.37135839458498 0.665897352223906 -0.053095138647609 0
11.7199999999893 183.895446341718 1.49575186745865 5.22127061998404 1.53157861426489 0.591109758850973 -0.0747875933729325 0
11.7599999999893 183.980301862699 2.31971977289317 8.25516463172447 1.84085591493415 0.475123770206315 -0.115985988644658 0
11.7999999999893 184.093223556411 2.96883740552883 10.7094566302486 2.09104295352491 0.326681899929874 -0.148441870276442 0
11.8199999999893 184.158487854409 3.26237990032014 11.7471360921815 2.19682191667027 0.163562904913867 -0.163118995016007 0
11.8399999999892 184.227714282577 3.46033760825219 12.4444580881568 2.26790532684862 0 -0.173016880412609 0
11.8599999999892 184.300898513058 3.65818021206481 13.0222711288166 2.32680601662964 0 -0.18290901060324 0
11.8999999999892 184.449096027878 3.673879324246 13.0790174755438 2.33259029629147 0 -0.1836939662123 0
11.9199999999892 184.518691560836 3.47878112691704 12.526379196476 2.27625517065867 0 -0.173939056345852 0
11.9599999999891 184.646154319984 3.08792272063403 10.9363158834078 2.11416674788746 0 -0.154396136031701 0
11.9999999999891 184.758009725017 2.69772603244149 8.7051254253586 1.88672208182249 0 -0.134886301622075 0
12.0199999999891 184.808084862656 2.50275339398303 7.50996058793531 1.76488738930655 0 -0.125137669699151 0
12.059999999989 184.89652588754 2.11235772846811 4.74303474451858 1.48282236928869 0 -0.105617886423406 0
12.079999999989 184.934896102874 1.91737059710823 3.22315719030182 1.32787315307094 0 -0.0958685298554116 0
12.099999999989 184.969361722586 1.72211005888005 1.65206069044833 1.167670147591 0 -0.0861055029440024 0
12.119999999989 184.999922954943 1.52700455889345 0.0978701286679495 1.00738325066078 0 -0.0763502279446726 0
12.1599999999889 185.049340289086 1.13686203964075 2.95727961925054 0.697971227958374 0 -0.0568431019820373 0
12.1799999999889 185.068192271516 0.941804595114704 4.33342139533143 0.557673372895042 0 -0.0470902297557352 0
12.2199999999889 185.094207998831 0.551908737986551 6.77605746191706 0.308663868478339 0 -0.0275954368993276 0
12.2599999999889 185.104610088165 0.161638825484246 8.7412129433373 0.108336725468731 0 -0.00808194127421231 0
12.2799999999888 185.10395640356 -0.0335404535471469 9.41837673451122 0.0393076028415262 0.00167702267735734 0.00167702267735734 0
12.2999999999888 185.09940677858 -0.228451550970433 9.75568481436948 0.0049232052845534 0.013099600225879 0.0114225775485217 0
12.3199999999888 185.090956885833 -0.423603758563061 9.75581984283494 0.00490954771372159 0.0342797881540321 0.0211801879281531 0
12.3399999999888 185.078606725205 -0.61867502072954 9.75452989563438 0.00504093973833041 0.0652135391905091 0.030933751036477 0
12.3799999999887 185.042465711711 -0.99670169545449 9.72368530585983 0.0081852939542181 0.115048623963234 0.0498350847727245 0
12.3999999999887 185.019225371885 -1.16326943157701 9.65234630180322 0.0154575323865802 0.173212095542084 0.0581634715788503 0
12.4199999999887 184.993155499455 -1.30445374087165 9.51787548843491 0.0291650983713312 0.238434782585666 0.0652226870435825 0
12.4399999999887 184.964264748385 -1.44547826657922 9.38244185032075 0.0429711271632977 0.310708695914627 0.0722739133289608 0
12.4799999999887 184.90145955293 -1.59709133439108 8.78601399129998 0.103770452305302 0.390563262634181 0.079854566719554 0
12.5199999999886 184.838932502083 -1.53286694417007 7.64954518529597 0.219621230665489 0.467206609842685 0.0766433472085034 0
12.5399999999886 184.809539121226 -1.47067335010235 7.00589355872662 0.285235504229595 0.540740277347802 0.0735336675051173 0
12.5799999999886 184.758439660422 -1.21435835991947 5.39032273308199 0.449928382592946 0.601458195343775 0.0607179179959736 0
12.6199999999885 184.722627596348 -0.769826495103771 3.30440959524269 0.662579609061494 0.639949520098964 0.0384913247551886 0
12.6599999999885 184.708056256524 -0.213833008626736 0.939949893620475 0.903731461626614 0.650641170530301 0.0106916504313368 0
12.6799999999885 184.709859697265 0.0892877961894953 0.312847791917125 1.03072158686763 0.646176780720826 -0.00446438980947477 0
12.7199999999884 184.733594152494 0.760047468744887 2.9602197123112 1.30106855548833 0.608174407283582 -0.0380023734372443 0
12.7399999999884 184.755702762282 1.10452543142834 4.30893940355926 1.43857060204979 0.552948135712165 -0.0552262715714171 0
12.7599999999884 184.784626394277 1.44534265799837 5.64532468897603 1.57480590560815 0.480681002812246 -0.0722671328999184 0
12.7799999999884 184.820377613534 1.78639680658367 6.95858679503106 1.70868167493003 0.391361162483063 -0.0893198403291834 0
12.8199999999883 184.909514462459 2.35917183736605 9.15988953565404 1.9330807481283 0.27340257061476 -0.117958591868302 0
12.8599999999883 185.014673100668 2.6929149971285 10.596097432111 2.07948523839942 0.138756820758336 -0.134645749856425 0
12.8999999999883 185.128266388318 2.85479024253968 11.125572327169 2.13345876786139 0 -0.142739512126984 0
12.9199999999882 185.186010369798 2.88605505280256 11.0481324190703 2.12556451865951 0 -0.144302752640128 0
12.9399999999882 185.242154714884 2.80627484881737 10.6931964609719 2.08938283341968 0 -0.140313742440868 0
12.9599999999882 185.296707661473 2.72648669962354 10.1735077180045 2.03640640708632 0 -0.136324334981177 0
12.9999999999882 185.394104513456 2.33613746978362 8.39769419609485 1.85538187830654 0 -0.116806873489181 0
13.0199999999882 185.436944091227 2.14088277068622 7.27761543195664 1.74120139027191 0 -0.107044138534311 0
13.0599999999881 185.510913788807 1.75068091640537 4.91219302377594 1.50006665009825 0 -0.0875340458202686 0
13.0999999999881 185.569269849104 1.3603939711266 2.34023600110144 1.23785226189029 0 -0.0680196985563299 0
13.1199999999881 185.592597477254 1.16530929110888 1.01526390966849 1.1026965456288 0 -0.0582654645554442 0
13.139999999988 185.612022882677 0.970282390596196 0.340022315500364 0.965205922908813 0 -0.0485141195298098 0
13.159999999988 185.627549975994 0.775256549198076 1.67571417565296 0.828647672610618 0 -0.0387628274599038 0
13.179999999988 185.639176801429 0.580209708516719 3.01557017576931 0.692024490668997 0 -0.029010485425836 0
13.219999999988 185.650723365834 0.19026286344571 5.42217584789186 0.446678120988497 0 -0.00951314317228551 0
13.239999999988 185.650638776831 -0.00504465538189436 6.42015391843915 0.344942594455326 0.000252232769094718 0.000252232769094718 0
13.2599999999879 185.646658247919 -0.200066569331369 7.23231483148779 0.262151029149122 0.0102555612356632 0.0100033284665685 0
13.2799999999879 185.638777451357 -0.395058480762202 8.04371677684971 0.179436954137164 0.0300084852737733 0.0197529240381101 0
13.3199999999879 185.611315054586 -0.785041844829067 9.17758926947034 0.0638514216842883 0.0692605775152266 0.0392520922414533 0
13.3399999999879 185.591898484854 -0.97164691260005 9.44465097195721 0.0366274755009898 0.117842923145229 0.0485823456300025 0
13.3599999999878 185.569081062218 -1.14183595192497 9.67065310470176 0.0135893810603763 0.174934720741478 0.0570917975962487 0
13.3799999999878 185.542860832182 -1.31197123950668 9.60850098333428 0.0199250679223426 0.240533282716812 0.0655985619753338 0
13.4199999999878 185.482973462553 -1.54683770329915 9.21914795775624 0.0596152104373164 0.317875167881769 0.0773418851649574 0
13.4599999999878 185.419234888512 -1.59199300075927 8.35653471635395 0.147549340157048 0.397474817919733 0.0795996500379637 0
13.4799999999877 185.387519417796 -1.58694896565608 7.85580958732419 0.198592896783967 0.476822266202537 0.0793474482828039 0
13.5199999999877 185.328213836183 -1.44902556869215 6.53570759100721 0.333163885072014 0.549273544637144 0.0724512784346075 0
13.5599999999877 185.279706785223 -1.11333091009072 4.72140209981483 0.518118302846472 0.60494009014168 0.0556665455045362 0
13.6199999999876 185.240740900859 -0.388573494788091 1.44772772232129 0.851903705706296 0.624368764881085 0.0194286747394045 0
13.6399999999876 185.239140885766 -0.0809049060896285 0.197534452783028 0.980085672534387 0.628414010185566 0.00404524530448143 0
13.6599999999876 185.243704015389 0.227010100152114 1.06967926707987 1.10825698429987 0.617063505177961 -0.0113505050076057 0
13.6799999999876 185.254430289147 0.53516926341328 2.32679268621024 1.23648349671679 0.590305042007297 -0.026758463170664 0
13.7199999999875 185.295411172905 1.18757398819105 4.93243459878069 1.50213198472057 0.530926342597744 -0.0593786994095524 0
13.7399999999875 185.32554947969 1.50587997161561 6.19466231158258 1.63080641378217 0.455632344016964 -0.0752939985807807 0
13.7599999999875 185.361615954433 1.80222842919734 7.36098698530281 1.74970173550773 0.365520922557097 -0.0901114214598671 0
13.7999999999874 185.450530248112 2.3454687118974 9.48831098359235 1.96655896372361 0.248247486962227 -0.11727343559487 0
13.8199999999874 185.501147384755 2.52989190860188 10.1926408671141 2.03835701392562 0.121752891532133 -0.126494595430094 0
13.8399999999874 185.553953150287 2.6392525341373 10.5906267245629 2.07892665375942 0 -0.131962626706865 0
13.8599999999874 185.608938888996 2.74836040002984 10.851701971263 2.10554024439919 0 -0.137418020001492 0
13.8999999999874 185.717531132745 2.66694253945359 10.46433394156 2.06605233880403 0 -0.133347126972679 0
13.9199999999873 185.766987480689 2.47189793619494 9.80313089390697 1.99864994983694 0 -0.123594896809747 0
13.9399999999873 185.812537278398 2.27659727013986 8.97777076273231 1.91451392743247 0 -0.113829863506993 0
13.9599999999873 185.854186807643 2.08145917042378 7.98780285962482 1.81359725209719 0 -0.104072958521189 0
13.9999999999873 185.925763842999 1.69095664643677 5.85447768802433 1.59612534682472 0 -0.0845478323218387 0
14.0199999999872 185.955701959203 1.49592498219754 4.71215946709123 1.47967408367543 0 -0.0747962491098768 0
14.0399999999872 185.981739807874 1.30084462908434 3.45538102025445 1.35155008172262 0 -0.0650422314542169 0
14.0599999999872 186.003877389361 1.1059513829445 2.19859866135537 1.22341116637427 0 -0.0552975691472248 0
14.0999999999872 186.036445465637 0.715398216319244 0.364204931322844 0.96268995968673 0 -0.0357699108159622 0
14.1399999999871 186.053391249385 0.32531093219032 2.95151508897953 0.698552447909353 0 -0.016265546609516 0
14.1599999999871 186.056021208758 0.130373086462839 4.1795968730326 0.57335010193843 0 -0.00651865432314196 0
14.1999999999871 186.049575996469 -0.259794716937364 6.51302073954218 0.335474598237961 0.0129897358468682 0.0129897358468682 0
14.2199999999871 186.04049886961 -0.454795453593221 7.46156614115627 0.238780039717272 0.0357295085265292 0.022739772679661 0
14.239999999987 186.027517147595 -0.649905929037089 8.22273613450625 0.161186401254603 0.0682248049783837 0.0324952964518545 0
14.259999999987 186.010635158047 -0.844975889836235 8.98317751322991 0.0836680235956137 0.110473599470195 0.0422487944918117 0
14.299999999987 185.966196713503 -1.19438374374465 9.65315160686259 0.0153720989502804 0.170192786657428 0.0597191871872326 0
14.319999999987 185.939560900908 -1.33282893064469 9.51165307312744 0.0297961499470166 0.236834233189663 0.0666414465322347 0
14.339999999987 185.910866108141 -1.43598233412855 9.28128505315465 0.053279483454502 0.30863334989609 0.0717991167064277 0
14.3599999999869 185.880108007928 -1.53889675636296 9.05072627399803 0.076782482757328 0.385578187714238 0.076944837818148 0
14.3999999999869 185.81651001377 -1.58980005971917 8.20173202287254 0.163328444393921 0.465068190700197 0.0794900029859583 0
14.4199999999869 185.785972705809 -1.52791305598629 7.55944013238404 0.228803072077665 0.541463843499511 0.0763956527993145 0
14.4399999999869 185.75796665228 -1.4013275986958 6.75528588448315 0.310778370057745 0.611530223434301 0.07006637993479 0
14.4599999999868 185.732489897404 -1.27469113443232 5.95147929808064 0.392719182331485 0.675264780155917 0.0637345567216158 0
14.4999999999868 185.694370723097 -0.826088249349596 3.85369359166622 0.606574990758268 0.716569192623397 0.0413044124674798 0
14.5199999999868 185.684162131278 -0.511336858357382 2.5789517321701 0.736538316789606 0.742136035541266 0.0255668429178691 0
14.5399999999868 185.681318660034 -0.142930308947939 1.17145124260441 0.88008760732051 0.749282550988663 0.00714651544739695 0
14.5599999999868 185.685855248244 0.22566625445981 0.245091203617481 1.02370224064748 0.737999238265672 -0.0112833127229905 0
14.5999999999867 185.719521279912 1.05284632194905 3.28261114300964 1.33393861656673 0.68535692216822 -0.0526423160974524 0
14.6199999999867 185.749209475238 1.48343491873713 4.84645581013839 1.49336748014306 0.611185176231363 -0.0741717459368566 0
14.6399999999867 185.787325287587 1.90473860658179 6.38744908084257 1.65045850486199 0.515948245902274 -0.0952369303290894 0
14.6999999999866 185.948375883279 3.01944486383522 10.5353861079838 2.0732949826981 0.364976002710513 -0.150972243191761 0
14.7199999999866 186.013499503257 3.25548620208373 11.4716099895516 2.16873148173824 0.202201692606326 -0.162774310104187 0
14.7399999999866 186.083344989689 3.49143533213375 12.3193642395741 2.25514988226338 0.0276299259996391 -0.174571766606687 0
14.7799999999866 186.234704066766 3.83792799934277 13.5759864078377 2.38324687121245 0 -0.191896399967138 0
14.7999999999865 186.310971218511 3.81224164639059 13.5059288791821 2.37610510323398 0 -0.190612082319529 0
14.8199999999865 186.383793119341 3.64000764908653 12.9206222680607 2.31644007108113 0 -0.182000382454326 0
14.8399999999865 186.453167812782 3.46767181420182 12.1733208772756 2.24026130893075 0 -0.173383590710091 0
14.8799999999865 186.580207744963 3.07730459767664 10.3993118992929 2.05942199677687 0 -0.153865229883832 0
14.8999999999864 186.637866699137 2.88206939872155 9.27120055140788 1.94442427845093 0 -0.144103469936078 0
14.9199999999864 186.691625385545 2.68701068743984 7.99668356249244 1.81450111178003 0 -0.134350534371992 0
14.9599999999864 186.787452568999 2.29685546642858 5.17884329545071 1.52724876840029 0 -0.114842773321429 0
14.9799999999864 186.829508498078 2.10168931255076 3.68369909703682 1.37482589752004 0 -0.105084465627538 0
14.9999999999864 186.867653549532 1.90641478194534 2.1351613283819 1.21694256977771 0 -0.0953207390972672 0
15.0199999999863 186.901904616505 1.71156743326729 0.57346614473784 1.05755235861793 0 -0.0855783716633646 0
15.0399999999863 186.932255416294 1.51662318622598 0.971355903018655 0.900503714375078 0 -0.0758311593112992 0
15.0799999999863 186.981254257844 1.12631525045494 3.9432289469412 0.597442650547425 0 -0.0563157625227468 0
15.0999999999863 186.999897971167 0.931293935559737 5.22026125406236 0.467256084182569 0 -0.0465646967779868 0
15.1199999999862 187.014637090149 0.736175406903541 6.29812746081482 0.357376271736479 0 -0.0368087703451771 0
15.1399999999862 187.025486552273 0.541248895540676 7.37530105023309 0.247569526176244 0 -0.0270624447770338 0
15.1799999999862 187.035472107353 0.150965137545171 9.21723195687927 0.0598051592430686 0 -0.00754825687725855 0
15.2199999999862 187.029839697992 -0.238955067117118 9.69723134228889 0.0108752522329326 0.0119477533558559 0.0119477533558559 0
15.2399999999861 187.021170928143 -0.434249713131834 9.75462841389459 0.00502553412642175 0.0336602390124476 0.0217124856565917 0
15.2799999999861 186.992143196403 -0.824312081871128 9.75386629815025 0.00510350913773124 0.074875843106004 0.0412156040935564 0
15.2999999999861 186.97197676939 -1.00928376203117 9.72820744560546 0.00771789508673786 0.125340031207563 0.0504641881015587 0
15.3199999999861 186.948462544591 -1.17648811314835 9.65857153399871 0.0148163360818834 0.18416443686498 0.0588244056574176 0
15.339999999986 186.921619372093 -1.34323568032013 9.58852038572274 0.0219572981697768 0.251326220880987 0.0671617840160067 0
15.379999999986 186.860809894279 -1.5663554566181 9.16993665118481 0.064626848536028 0.329643993711892 0.0783177728309049 0
15.399999999986 186.828686831286 -1.60725439361228 8.78399856139725 0.103969019826954 0.410006713392506 0.080362719680614 0
15.419999999986 186.796866713557 -1.59192038717063 8.25854748188178 0.157533066789089 0.489602732751037 0.0795960193585316 0
15.439999999986 186.765355822979 -1.57655438997237 7.73277589437772 0.211130029531684 0.568430452249656 0.0788277194986186 0
15.4799999999859 186.70851012005 -1.34793966269228 6.18549212552698 0.368860154737322 0.63582743538427 0.0673969831346142 0
15.4999999999859 186.685861006612 -1.13349859373207 5.16186579325271 0.473209942253821 0.692502365070874 0.0566749296866036 0
15.5199999999859 186.668826897978 -0.852674138464735 3.9720765972112 0.594502355099164 0.735136071994111 0.0426337069232368 0
15.5399999999859 186.657405422768 -0.572027427956016 2.78327544881933 0.715700019739587 0.763737443391912 0.0286013713978008 0
15.5799999999858 186.655765116331 0.150418824528842 0.0542060925733366 0.999275085273891 0.756216502165469 -0.00752094122644209 0
15.5999999999858 186.667203275836 0.570972172624565 1.53938614949942 1.15618781355603 0.727667893534241 -0.0285486086312282 0
15.6199999999858 186.687540964573 1.01581908604066 3.1379417715885 1.31918857800313 0.676876939232208 -0.0507909543020332 0
15.6399999999858 186.716773853521 1.46060295054227 4.73800116584788 1.48230986150389 0.603846791705095 -0.0730301475271133 0
15.6799999999857 186.801108741318 2.31488630269418 7.84879461788898 1.79942629219989 0.488102476570386 -0.115744315134709 0
15.6999999999857 186.854873196222 2.6873712058305 9.24243019547956 1.94149174387761 0.353733916278861 -0.134368560291525 0
15.7199999999857 186.914868374937 2.99883494255323 10.4390974895585 2.06347802899284 0.203792169151199 -0.149941747127662 0
15.7799999999856 187.124171375413 3.62669470027548 12.9834352049652 2.32284151258301 0.0224574341374252 -0.181334735013774 0
15.7999999999856 187.196241341648 3.6024755708433 13.025132517141 2.32709193414072 0 -0.180123778542165 0
15.8199999999856 187.267826805706 3.57817338736841 12.9260386622918 2.3169904383411 0 -0.17890866936842 0
15.8399999999856 187.338925811695 3.55397986533097 12.8271398386148 2.30690868746433 0 -0.177698993266549 0
15.8799999999856 187.470180592383 3.1828468868471 11.3277650624133 2.15406516750529 0 -0.159142344342355 0
15.9199999999855 187.585817410843 2.79236865866422 9.11340419511081 1.92833666472897 0 -0.139618432933211 0
15.9399999999855 187.637776972959 2.59709869079838 7.92362426618976 1.80705133053636 0 -0.129854934539919 0
15.9599999999855 187.685838222736 2.40196500927972 6.59244932328261 1.6713523274196 0 -0.120098250463986 0
15.9799999999855 187.730003533652 2.20717492846858 5.14274860214484 1.52356767742395 0 -0.110358746423429 0
15.9999999999854 187.770262293867 2.01199908957551 3.60352278821362 1.36665141404565 0 -0.100599954478776 0
16.0399999999854 187.839072729228 1.62157100330447 0.406508292919029 1.04043316543249 0 -0.0810785501652234 0
16.0799999999854 187.892271483666 1.23145388853381 2.70866635739278 0.723302337308701 0 -0.0615726944266903 0
16.0999999999854 187.913022624329 1.03650794068515 4.12708470001763 0.578694872420183 0 -0.0518253970342578 0
16.1399999999853 187.942815447343 0.646476380174008 6.65953108375549 0.320531466353311 0 -0.0323238190087004 0
16.1799999999853 187.957007200806 0.256223991952467 8.42599289817251 0.140459798084046 0 -0.0128111995976234 0
16.1999999999853 187.958246393129 0.0609826016966792 8.85354708850022 0.096875582386028 0 -0.00304913008483396 0
16.2399999999852 187.949023975176 -0.329111100719842 9.70754108068977 0.00982150840776882 0.0164555550359921 0.0164555550359921 0
16.2799999999852 187.92420048744 -0.719202526433946 9.75493723433672 0.00499107028063075 0.0524156813576894 0.0359601263216973 0
16.3399999999851 187.858525831718 -1.27682301590421 9.6846179255036 0.0121583853893645 0.1162568321529 0.0638411507952107 0
16.3799999999851 187.79843488615 -1.57871645664754 9.46454212127314 0.0345923347700151 0.195192654985277 0.0789358228323771 0
16.3999999999851 187.763858478516 -1.73000301797413 9.35481895462864 0.0457773310526967 0.281692805883983 0.0865001508987064 0
16.439999999985 187.688850542414 -1.9249214582762 8.86604575893917 0.0956025148989151 0.377938878797794 0.0962460729138101 0
16.479999999985 187.611466476694 -1.91477134037098 7.86538258853943 0.197609180690558 0.473677445816342 0.0957385670185488 0
16.499999999985 187.574025525362 -1.87304638888958 7.27371049130708 0.257923791871092 0.567329765260821 0.0936523194444789 0
16.539999999985 187.50647099514 -1.62852364190829 5.68735563184258 0.419637772072761 0.648755947356236 0.0814261820954144 0
16.5799999999849 187.455111537129 -1.14422878515765 3.50109964013111 0.642512102924449 0.705967386614118 0.0572114392578826 0
16.5999999999849 187.437884963583 -0.862514318042571 2.30890617110302 0.764062801837124 0.749093102516247 0.0431257159021285 0
16.6399999999849 187.424430904095 -0.16201073864093 0.421510242984855 1.04199676047502 0.757193639448293 0.00810053693204651 0
16.6599999999848 187.429185353802 0.236764805803958 1.90346337023681 1.19332219777117 0.745355399158095 -0.0118382402901979 0
16.6799999999848 187.442640516907 0.671633581685768 3.47803270240771 1.35386114550377 0.711773720073807 -0.0335816790842884 0
16.7199999999848 187.495785759296 1.54876343611393 6.61193855878225 1.67334065181302 0.63433554826811 -0.0774381718056965 0
16.7399999999848 187.535431438591 1.9812287809317 8.14590712661745 1.82971292701255 0.535274109221525 -0.0990614390465851 0
16.7599999999848 187.583157786517 2.3851982720425 9.5335066945545 1.97116231487419 0.4160141956194 -0.119259913602125 0
16.7799999999847 187.63896242925 2.78935114807715 10.9209508817401 2.11259583604517 0.276546638215543 -0.139467557403857 0
16.8199999999847 187.769268215285 3.38448773700519 13.030799446904 2.3276691263807 0.107322251365284 -0.169224386850259 0
16.8599999999847 187.911671969574 3.57776923799473 13.8361056457269 2.40975942026122 0 -0.178888461899737 0
16.8799999999846 187.983995850896 3.61533719540162 13.8260683751397 2.4087360141133 0 -0.180766859770081 0
16.9199999999846 188.12237117847 3.40560245990035 12.8926106751419 2.31358129922484 0 -0.170280122995018 0
16.9399999999846 188.186606885167 3.21078421866129 12.099050828462 2.23268750573188 0 -0.160539210933064 0
16.9599999999846 188.246944280574 3.01584208953875 11.1049473133432 2.13135045738349 0 -0.150792104476938 0
16.9799999999846 188.303375126561 2.82049615360363 9.91259655103711 2.00980391115304 0 -0.141024807680181 0
17.0199999999845 188.404527778039 2.43028228791066 7.35768863015993 1.74936011384689 0 -0.121514114395533 0
17.0399999999845 188.449251539889 2.23503395111622 5.99342781338107 1.61028658766397 0 -0.111751697555811 0
17.0599999999845 188.490064423182 2.03976056501678 4.5083557643087 1.45889541228702 0 -0.101988028250839 0
17.0799999999845 188.526981367962 1.84491409620632 2.93418622632371 1.29841443254318 0 -0.0922457048103162 0
17.1199999999844 188.589114453294 1.45479417990279 0.240123236540309 0.975460968431794 0 -0.0727397089951396 0
17.1399999999844 188.614330596407 1.25963247962727 1.80429345231031 0.815513020696793 0 -0.0629816239813636 0
17.1599999999844 188.635635860031 1.0644121850053 3.30194173633892 0.662811757639234 0 -0.0532206092502648 0
17.1799999999844 188.653047139989 0.869496829084355 4.79950801464724 0.510141779665097 0 -0.0434748414542177 0
17.2199999999843 188.676160659292 0.479178890476632 7.26308573382557 0.259002951458889 0 -0.0239589445238316 0
17.2399999999843 188.681862898753 0.284184700164829 8.13938604309335 0.169673919928552 0 -0.0142092350082415 0
17.2599999999843 188.683666826109 0.0892150268421403 8.72118922984431 0.110365261628565 0 -0.00446075134210702 0
17.2799999999843 188.681576769683 -0.10558251591327 9.30210189332892 0.0511479432230958 0.00527912579566348 0.00527912579566348 0
17.2999999999843 188.675575835397 -0.300996726101843 9.52978580167123 0.0279385791243303 0.0203289621007556 0.0150498363050922 0
17.3399999999842 188.651879862417 -0.691263637567332 9.75492225029226 0.00498953567004743 0.0548921439791222 0.0345631818783666 0
17.3599999999842 188.634258685051 -0.882028319306698 9.74447863232657 0.00605411932958644 0.0989935599444571 0.0441014159653349 0
17.3999999999842 188.588352475083 -1.23751523554886 9.65636070164766 0.015036410772199 0.1608693217219 0.0618757617774428 0
17.4399999999841 188.530705370824 -1.49783800007286 9.33198252011739 0.0481026693456062 0.235761221725543 0.074891900003643 0
17.4599999999841 188.498534985352 -1.60935811631006 9.1225995038397 0.0694468199513521 0.316229127541046 0.0804679058155031 0
17.4799999999841 188.465171256918 -1.66907625433468 8.7847795202144 0.103883951557908 0.39968294025778 0.0834538127167342 0
17.4999999999841 188.430616137688 -1.72874268894515 8.44637524254791 0.138380392683332 0.486120074705038 0.0864371344472573 0
17.539999999984 188.363076810259 -1.65370721291562 7.28316214065871 0.256957417719111 0.568805435350819 0.082685360645781 0
17.559999999984 188.332867098157 -1.51150002990387 6.43960495585852 0.342949417789359 0.644380436846012 0.0755750014951936 0
17.579999999984 188.306951744249 -1.296858525399 5.41573713682935 0.447323332541606 0.709223363115962 0.0648429262699501 0
17.619999999984 188.269411184709 -0.797313491472636 3.19121760076634 0.674101133585365 0.749089037689594 0.0398656745736318 0
17.639999999984 188.260454784147 -0.448962643112012 1.833142212989 0.812570270900423 0.771537169845195 0.0224481321556006 0
17.6599999999839 188.25957039604 -0.0452317653244734 0.339632717883322 0.965146755461465 0.773798758111418 0.00226158826622367 0
17.6799999999839 188.266758020502 0.358407783242924 1.16163200991851 1.11765585635074 0.755878368949272 -0.0179203891621462 0
17.7199999999839 188.307757589268 1.25218004118076 4.37131731149506 1.44492786224447 0.693269366890234 -0.0626090020590382 0
17.7399999999839 188.341986432555 1.71046428754484 6.00510317935479 1.6114794109255 0.607746152512992 -0.0855232143772419 0
17.7599999999838 188.385097913444 2.1546655609432 7.59250196502884 1.77329790323396 0.500012874465832 -0.10773327804716 0
17.7799999999838 188.437081421842 2.59822103856017 9.14566123594772 1.93162494741322 0.370101822537824 -0.129911051928008 0
17.8199999999838 188.563061300782 3.30782168219437 11.736211524635 2.19570012203244 0.204710738428105 -0.165391084109719 0
17.8399999999838 188.633796325652 3.53563021344888 12.5844411687756 2.28216650575212 0.0279292277556608 -0.176781510672444 0
17.8599999999838 188.706880683079 3.65313544383072 13.1570095163239 2.34053247686087 0 -0.182656772191536 0
17.8999999999837 188.857322901837 3.74938014748329 13.6960831858643 2.39548402740363 0 -0.187469007374165 0
17.9399999999837 188.996574738761 3.38233115945079 12.5908663792864 2.28282041764143 0 -0.169116557972539 0
17.9599999999837 189.060337483068 3.18692682253321 11.7468313909131 2.19678131105339 0 -0.15934634112666 0
17.9999999999836 189.176140948315 2.79674006211118 9.69695198908989 1.98782059280931 0 -0.139837003105559 0
18.0199999999836 189.228196609416 2.60175799433883 8.49843884569258 1.86564573553215 0 -0.130087899716941 0
18.0399999999836 189.276347675128 2.40634459229902 7.13902532432331 1.72706908701483 0 -0.120317229614951 0
18.0599999999836 189.320592190023 2.21128346538696 5.64207246925327 1.5744694819745 0 -0.110564173269348 0
18.0999999999835 189.39738041989 1.82128226615788 2.56516993141158 1.2607906598705 0 -0.091064113307894 0
18.1199999999835 189.429930418963 1.62641616501881 0.937459715298738 1.09477871865698 0 -0.0813208082509405 0
18.1399999999835 189.458573865471 1.43132997082247 0.699232752400071 0.928270189688768 0 -0.0715664985411237 0
18.1599999999835 189.483317045961 1.23609347418358 2.29654590782404 0.765312067491506 0 -0.0618046737091788 0
18.1999999999834 189.521090038819 0.845766504972687 5.35806868613411 0.453197423055438 0 -0.0422883252486344 0
18.2199999999834 189.534126135404 0.650883455208927 6.64215408123734 0.322296644625641 0 -0.0325441727604463 0
18.2399999999834 189.543261963525 0.455817783796761 7.69932892412408 0.214529122194664 0 -0.022790889189838 0
18.2599999999834 189.548497524578 0.260671007564071 8.48095503525375 0.134851262987694 0 -0.0130335503782035 0
18.2799999999834 189.54982849129 0.0657056300584173 9.26216072950688 0.0552166984396216 0 -0.00328528150292087 0
18.3199999999833 189.54079394904 -0.324543697764469 9.7561818865258 0.00486093126384284 0.0162271848882234 0.0162271848882234 0
18.3399999999833 189.530417830218 -0.519668900012803 9.75479260889585 0.00500195441815661 0.0422106298888636 0.0259834450006402 0
18.3599999999833 189.516141444445 -0.714684900905169 9.75382170652683 0.00509971953492791 0.0779448749341221 0.0357342450452585 0
18.3799999999833 189.49797107582 -0.909697469683039 9.75360938249688 0.00512074541062589 0.123429748418274 0.0454848734841519 0
18.4199999999832 189.451178282965 -1.25027679649421 9.629879307078 0.017732793940491 0.185943588242984 0.0625138398247103 0
18.4399999999832 189.423603418516 -1.37981008619494 9.46517909237657 0.0345221249999597 0.254934092552731 0.0689905043097468 0
18.4799999999832 189.363021338708 -1.56077659093643 8.94252028783601 0.0878010624008735 0.332972922099552 0.0780388295468214 0
18.5199999999832 189.299513036385 -1.57829236043474 8.01156735404994 0.182700963304339 0.41188754012129 0.0789146180217372 0
18.5399999999831 189.268391878577 -1.55709765445268 7.47086847441043 0.237819148449722 0.489742422843924 0.0778548827226338 0
18.5599999999831 189.239000008325 -1.47069486284276 6.76677887892912 0.309594022447157 0.563277165986062 0.0735347431421381 0
18.5999999999831 189.186747963424 -1.2307255828627 5.19107213944294 0.470222264134767 0.624813445129197 0.0615362791431352 0
18.6199999999831 189.16654361086 -1.01132957289258 4.15541931922682 0.575799412950722 0.675379923773826 0.0505664786446289 0
18.639999999983 189.151981772739 -0.72915410937533 2.96242565946842 0.697422439086331 0.711837629242592 0.0364577054687665 0
18.659999999983 189.143058119458 -0.447240542943021 1.77003691791005 0.818998936032108 0.734199656389743 0.0223620271471511 0
18.699999999983 189.146116783377 0.264018635288068 0.985165471126463 1.09965186159241 0.72099872462534 -0.0132009317644034 0
18.719999999983 189.159584779758 0.672261581579832 2.49303970744266 1.25343872726751 0.687385645546348 -0.0336130790789916 0
18.739999999983 189.181596702081 1.09972275711395 4.04932285818207 1.41210181976651 0.632399507690651 -0.0549861378556976 0
18.7599999999829 189.212154504261 1.52677978838632 5.60443628737786 1.57063410007206 0.556060518271335 -0.0763389894193161 0
18.7999999999829 189.2976810619 2.33120228526437 8.55690707924825 1.87160703763794 0.439500404008116 -0.116560114263218 0
18.8199999999829 189.351166092325 2.67302244967168 9.80898097030042 1.99924143462245 0.305849281524532 -0.133651122483584 0
18.8399999999829 189.410170632997 2.94937829438928 10.8237123945052 2.10268060575249 0.158380366805069 -0.147468914719464 0
18.8599999999828 189.474711996969 3.22608053086074 11.7421890143993 2.19630776806081 0 -0.161304026543037 0
18.8999999999828 189.612209732761 3.46862399640371 12.6696260564336 2.29084823710799 0 -0.173431199820185 0
18.9199999999828 189.680395901785 3.40829271943576 12.4672128323668 2.27021446749774 0 -0.170414635971788 0
18.9399999999828 189.74468180316 3.21304572767765 11.9261089583339 2.21505527249894 0 -0.160652286383883 0
18.9599999999828 189.80505682854 3.01767463401275 11.2216650299515 2.14324595556599 0 -0.150883731700637 0
18.9999999999827 189.914078572881 2.62693019432881 9.64488114746014 1.98251130366819 0 -0.13134650971644 0
19.0399999999827 190.00749729434 2.23695752104328 7.41602594697006 1.75530488957945 0 -0.111847876052164 0
19.0599999999827 190.04835841828 2.04215287693961 6.22425164791087 1.63381551168026 0 -0.102107643846981 0
19.0999999999826 190.118375538848 1.65192011141502 3.47062476598133 1.35310453721788 0 -0.0825960055707512 0
19.1199999999826 190.147525250679 1.45659660920504 1.96196716569291 1.19928846393495 0 -0.0728298304602518 0
19.1399999999826 190.172774696373 1.26157075379049 0.408147465878273 1.04065049353155 0 -0.0630785376895247 0
19.1599999999826 190.19412387535 1.06655498474751 1.15118939537909 0.882118181946087 0 -0.0533277492373756 0
19.1999999999825 190.225121431984 0.676282966200205 4.13717306715291 0.577655181734445 0 -0.0338141483100102 0
19.2199999999825 190.234769809642 0.481400761797886 5.47887673517551 0.440879153003586 0 -0.0240700380898943 0
19.2399999999825 190.240507308743 0.28599423006979 6.65825812692516 0.320652435522118 0 -0.0142997115034895 0
19.2599999999825 190.242355152732 0.0912932065764807 7.83675586203794 0.200517764736853 0 -0.00456466032882403 0
19.2999999999824 190.234333143919 -0.298901795423092 9.41859725170922 0.0392675419805033 0.0149450897711546 0.0149450897711546 0
19.3199999999824 190.224469573353 -0.494044634611043 9.75562621955045 0.00491319236955829 0.0396473215017068 0.0247022317305522 0
19.3399999999824 190.210701409844 -0.689262643162863 9.75555380641737 0.00492141890313991 0.0741104536598499 0.0344631321581431 0
19.3599999999824 190.193037308054 -0.88401525562378 9.75400757585187 0.00507850062107044 0.118311216441039 0.044200762781189 0
19.3999999999824 190.147176489816 -1.22832478906032 9.63792027888931 0.0169110017029011 0.179727455894055 0.0614162394530162 0
19.4199999999823 190.119993545581 -1.36010573364916 9.48001737504766 0.0330070837256514 0.247732742576513 0.0680052866824582 0
19.4399999999823 190.090916650952 -1.45475344420547 9.22906034070109 0.0585891281313744 0.320470414786787 0.0727376722102733 0
19.4599999999823 190.059952091775 -1.54935391634429 8.97855006521177 0.0841255804714049 0.397938110604001 0.0774676958172144 0
19.4999999999823 189.996613870491 -1.57680959864442 8.07161063279383 0.176578004444096 0.476778590536222 0.0788404799322208 0
19.5199999999822 189.966640250059 -1.49980373588861 7.39079197859388 0.245979967563641 0.551768777330652 0.0749901867944303 0
19.5399999999822 189.939515380305 -1.35704298026243 6.54633482682015 0.332063296434636 0.619620926343774 0.0678521490131217 0
19.5999999999822 189.88063846447 -0.730138111675686 3.51596964260136 0.640985078752032 0.656127831927558 0.0365069055837843 0
19.6399999999821 189.871375527 -0.0667389995736443 0.882805808392246 0.90951334270972 0.65946478190624 0.00333694997868221 0
19.6599999999821 189.876689181896 0.264720343000704 0.436779260873479 1.04360205125851 0.646228764756205 -0.0132360171500352 0
19.6799999999821 189.889259900316 0.627694914547078 1.83062658922556 1.18589617610961 0.614844019028851 -0.0313847457273539 0
19.6999999999821 189.909098293865 0.99081029212779 3.22516377649831 1.32808203442283 0.565303504422461 -0.0495405146063895 0
19.739999999982 189.970506618964 1.71146592089151 6.0025748823968 1.61121940708672 0.479730208377886 -0.0855732960445756 0
19.759999999982 190.011316608754 2.03969382334012 7.31000535659446 1.74449834530972 0.37774551721088 -0.101984691167006 0
19.779999999982 190.057864194037 2.32641498373852 8.48341126792479 1.86411389734853 0.261424768023954 -0.116320749186926 0
19.799999999982 190.110132482136 2.61222053300067 9.60208672022202 1.97814947347005 0.130813741373921 -0.130611026650033 0
19.839999999982 190.22573165386 2.95234288578159 11.018465401955 2.1225319329324 0 -0.14761714428908 0
19.8599999999819 190.285344218719 2.97973248540747 11.3234492502415 2.15362077555595 0 -0.148986624270373 0
19.8799999999819 190.343287200085 2.89603660787776 11.2210662834741 2.1431843965707 0 -0.144801830393888 0
19.9199999999819 190.451925076661 2.61749611060117 10.2939728523698 2.04867804179522 0 -0.130874805530058 0
19.9399999999819 190.500387332402 2.42212071601853 9.44862931987191 1.96250537002592 0 -0.121106035800926 0
19.9599999999818 190.544944993686 2.2269617562051 8.60077213881103 1.87607616614166 0 -0.111348087810255 0
19.9799999999818 190.585600431892 2.03179832182583 7.59000669717712 1.77303906348814 0 -0.101589916091292 0
